107438370
107437082
107456772
107457530
107439638
107453425
107455730
107446218
107453055
107450226
107440390
107437231
107452905
107457029
107454345
107444347
107446023
107453569
107446654
107448187
107436548
107454205
107448262
107457335
107448460
107437780
107445081
107438609
107445744
107440071
107452175
107448640
107437913
107445388
107456819
107451038
107454342
107451318
107454549
107449373
107457402
107437337
107443703
107455919
107443585
107455025
107452995
107443892
107449627
139427122
107447795
107449515
107440655
107440854
107445159
107447202
107449540
107438130
107444742
107442148
107437325
107455737
107439591
107443374
107440839
107436201
110282123
107456370
107443193
107448850
107438639
107454068
107439016
107450942
107437956
107451257
107457308
107443003
107447539
107451802
107436231
107447970
107437106
107443341
107450413
139426419
107438720
107446568
107440515
107440983
107449662
107438692
107443547
107454170
107453219
107444237
107450013
107436394
107449079
107446529
107444869
107438731
107444074
107449021
107447751
107438671
107452801
107448454
107437414
107454666
107440216
107448161
107437503
107456537
107448656
107450482
107451161
107455357
107436144
107445763
107455601
107447369
107455776
107450481
107439393
107436727
107439435
107439828
107438002
107455306
107444941
107443115
107441644
107454314
107441512
107457291
107446559
107445412
107450051
107442530
107456876
107443159
107455027
107443707
107442402
107437886
107450179
107457373
107436464
107451554
107440399
139426092
107454645
107437782
107454525
107452083
107446742
107452728
107457451
107448277
107444218
107451567
107444540
107455070
107457577
107444046
107441035
107436403
107445861
107447237
107441528
107447216
107450129
107457320
107446094
107451575
107449552
107449915
107443699
107440915
107457008
107439261
107442734
107444360
107437253
107451595
107454103
107456401
107452788
107456491
107445800
107437591
107455179
107437146
107451341
107437042
107437541
107456033
107451871
107457065
107439588
107447863
107439471
107448210
107444809
107437904
107451446
107447399
107445000
107444762
107448831
107444086
107447009
107445944
107437044
107438541
107440878
107439651
107438509
107441739
107444150
107443083
107445938
107450391
107452729
107443829
107436088
107440650
107449613
107441278
107452902
107436398
107455811
107449916
107452339
107447455
107444550
107455909
107454301
107455740
107442755
107441019
107439143
107451873
107446635
107446815
107439206
107439842
107449321
107454091
107445450
107438605
107438928
107438862
107449013
107445290
107452915
107439257
107445067
107455747
107440267
107439074
107436233
107444082
107447156
107448209
107445512
107442191
107442226
107442409
107446143
107441442
107452313
107451966
107453826
139426010
107445486
107440114
107440354
107457207
107445416
107450367
107452367
107439814
107453591
107444951
107454367
107453013
107439937
107447711
107456420
107443896
107438325
139425365
107448768
107454659
107445381
107443479
107436701
107439011
107454410
107455850
107452656
107445828
107449731
107455788
107436129
107439029
107448278
107453692
107442992
107437088
107455927
107452822
107447524
107439218
107447382
107436562
107454662
107448329
107455035
107436329
107449249
107444313
107438427
107451049
107439679
107440965
107454062
107438213
107441618
107445791
107437663
107456148
107448061
107437622
107455734
107441110
107438282
107446686
107443265
107448053
107444939
107450327
107443372
107454290
107441411
107452847
107443621
107442088
107446884
107456781
107450371
107450479
107448615
107454946
107448732
107445407
107447584
107453466
107447381
107454592
107440028
107455211
107440346
107449337
107452174
107446558
107455963
107453611
107438793
107445654
107441735
107449846
107447102
107449695
107451466
107438055
107441199
107446996
107453910
107438171
107453301
107443629
107443139
107455944
107450550
107453300
107447371
107443033
107450896
107443290
107443470
107449872
107444791
107436944
107456901
107442020
107457248
107455847
107451203
107451746
107455283
107445658
107446294
107441550
107447649
107443587
107447926
107436120
107446548
107451988
107445986
107453016
107439633
110282259
107439563
107445943
107455010
107445533
122270897
107456589
107456162
107442852
107446783
107456545
107439001
107454888
107455602
107457289
107447780
107438170
107451195
107452146
107438715
107439802
107444389
107453155
107440771
107439175
107447955
107451223
107456287
107451033
107440563
107449871
107444837
107442286
107439125
107454413
107439680
107442826
107442220
107447180
107452913
107457188
107444513
107449392
107449060
107439009
107449439
107450529
107455326
107449655
107438285
107447570
107441445
107453907
107442930
107455566
107452401
107445527
107446760
107449783
107449739
107446962
107451750
107449851
107440625
107436487
107440671
107456814
107439717
107455065
107451706
107443444
107446838
107454344
107455873
107456011
107451981
107454875
107441742
107439743
107456900
107457382
107453619
107448032
107441559
107442282
107456506
107439038
107453847
107444993
107445918
107456902
122268398
107453226
107450838
107437047
107443109
107455385
107453696
107438428
107448476
107436687
107450143
107439851
107442667
107446816
107439592
107438727
107440411
107452285
107437550
107443071
107450924
107450977
107440488
107455853
107436753
107456861
107439849
107443801
107438935
107455967
107453276
107439420
107448655
107447152
107455662
107453295
107446070
107440484
107437113
107445520
107444400
107442217
107438970
107446679
107436901
107449890
107446916
107450979
107457168
107448566
107445503
107437906
107439762
107442650
107451492
107451230
107442369
107445585
107442313
107453983
107436563
107438608
107453504
107453548
107443382
107452140
107457576
107452302
107448608
107457295
107448185
107455285
107440422
107441250
107446360
107453765
107444042
107456812
107450248
107447705
107440117
107438787
107441537
107448099
107445985
107450645
107441521
107439711
107448346
107451851
107447359
107445062
107452696
107453756
107447589
107442938
107440063
107436367
107455123
107437569
107453332
107443889
107445542
107442765
107438964
107452889
107450229
107448741
107436476
107439377
107439766
107457264
107447591
107443819
107438159
107440928
122271002
107440074
107448612
107448917
107441248
107456636
107450317
107440123
107456864
122270387
107440647
107439186
107455384
107455144
107453316
107456135
107440644
107451489
107436357
107442990
107449738
107436880
107443608
107454034
107454734
107443611
107448097
107441995
107442362
107439829
107443534
107452778
107455325
107446946
107453794
107445155
107453801
107443488
107451490
107444748
122273494
107447247
107443407
107447813
107449648
107455630
107440489
107441867
107439120
107457045
107444216
107447357
107444538
107452529
107437257
107444338
107454050
107449512
107437353
107446139
107445704
107443679
107442129
107451801
107436786
107451810
107446220
107451815
107454697
107445799
107452516
107438852
107438926
107442610
107454162
107453935
107437940
107448667
107448326
107443775
107443782
107447983
107452515
107452768
107449106
107453971
107446402
107449014
107444292
107442171
107452251
107456825
107438756
107448412
107448971
107444186
107442479
110281956
107456650
107448641
107452368
