107453112
107437076
107453844
107453807
107441768
107447118
107438323
107451879
107452002
107438370
107457554
107457530
107453690
107445190
107443320
107454082
107440359
107455185
107456562
107456962
107445434
107455190
107447287
107436423
107450826
107443728
107453681
107448174
107454345
107444347
107437525
107449921
107445631
107455563
107452851
107447391
107438640
107446391
107443264
107436109
107438326
107443078
107455231
107448228
110282188
107437366
107451620
107453873
110282185
107438609
107441830
107445744
107444619
107454242
107453700
107442925
107442907
107451484
107454138
107445388
107456819
107457204
107436322
107457357
107454549
107449689
107446071
107444234
107448423
107440746
107437882
107453250
107438125
107437395
107443794
107443827
107440616
107451016
107439380
107455938
107455338
107438512
107439993
107445159
107447202
107436522
107438184
107449011
107446423
107446309
107454426
107454569
107451040
107446372
107447655
107441099
107455278
107437034
107455882
107456785
107441200
107446238
107443175
107452279
107443374
107446895
107447575
107454988
107437788
107446835
107450715
107451967
107441235
107440839
107441631
107436481
107436201
107446712
107441785
107446754
107438639
107451993
107439288
107450942
107455427
107439156
107456297
107451257
107447539
107455802
107439005
107445517
107441113
107451802
107447425
107437087
107443959
107442397
107450459
107450117
107437331
107436699
107446062
107446568
107449937
107440285
107442412
107445935
107448792
107457420
107443547
107444237
107450256
107447985
107439121
107449079
107438764
107444869
107453864
107438671
107438424
107449750
107437414
107442742
107454666
107440772
107456537
107445451
107439343
107441456
107448656
107438798
107443981
107452361
107457575
107451161
107449675
107456443
107452997
107438848
107438972
107445219
107436144
107455601
107443386
107440204
107436727
107448659
107439435
107437509
107457302
107438002
107454273
107445966
107456677
107453030
107443079
107440016
107445677
107448856
107451787
107450370
107443583
107440076
107442863
107453597
107437217
107441512
107437865
107457291
107437363
107457468
107446657
107449875
107445779
107448893
107455297
107439705
107442782
107445326
107439106
107439239
107449296
107440507
107447004
107450525
107449626
107446667
107436271
107440586
107440592
107436464
107452087
107454317
107451554
107444792
122268204
107454553
107440587
107448780
107453253
107452083
107438555
107451820
107457367
107438683
107436412
107438257
107441869
107444218
107446511
107451157
107439243
107443550
107444540
139425936
107445289
122272598
107454229
107456267
107449854
107436403
107448645
107441528
107456426
107455182
107456638
107438597
107449412
122268389
107437176
107440915
107444744
107443088
107445248
107442734
107450310
107456233
107450944
107454686
107437253
107454103
107440358
107454840
107452133
107443806
107436516
107452878
107448713
107442394
107437884
107452300
107441474
107454168
107456033
107442481
107457065
107454479
107445724
107443209
139427022
107445197
107446354
122268235
107455388
107436659
107443600
107447224
107450866
107437904
107447410
107449105
107443628
122268385
107442443
107444362
107447399
107437027
107446512
107455359
107439505
107442208
107451340
107455014
107456021
107451531
107449585
107444855
107455786
107438098
107452032
107449310
107445944
107448788
107443723
107440878
107450591
107454355
107439651
107438509
107441739
107441036
107451174
107446883
107445938
107441418
107456748
107440527
107452729
107453837
107456940
107453447
107437612
107440650
107443655
107441438
107441278
110282123
107438297
107443846
107445439
107455614
107439030
107450259
107452629
107443043
107446029
107440444
107456066
107442400
107454716
107454526
107448373
107452236
107442880
107442755
107444532
107437486
107437403
107454465
107446815
107449293
107444282
107444893
107455841
107450485
107453647
107452049
107444488
107438928
107448562
107450247
107449149
107449525
107453436
107450305
107447709
107452119
107439613
107445777
107455747
107452084
107453887
107439074
107444597
107439595
107449138
107439472
107450716
107441251
107444397
107456427
107455157
107451242
107444621
107439514
107446143
107451194
107452313
107455855
107441195
107444283
107442565
107451642
107440441
107453826
107449067
107446124
107457543
107445108
107457274
107445486
107443915
107444428
107453591
107441492
107444951
107452944
107452733
107457369
107453627
107439244
107441577
107448372
107439937
107436591
107453286
107455083
107450891
107449545
122268299
107447626
107452543
107456764
107448768
107442985
107454659
107456355
107438906
107456735
107453452
107454882
107441283
107449018
107450861
107441981
107450011
107451432
107456653
107445828
107449731
107437001
107447772
107446292
107437705
107440734
107441665
107453763
107451443
107445877
107448278
107439029
107457208
107453692
107443802
107455216
107445364
107439489
107442720
107442992
107444990
107452911
107446889
107452822
122270820
107446758
107447524
107446881
107441372
107439218
107436562
107445564
107449249
107436365
107441815
107436710
107456863
107454062
107448973
107436653
107442698
107440209
107447097
107443406
107454538
122269915
107440268
107436203
107445960
107454749
107446611
107448061
107455004
107439855
122270288
107444687
107453484
107457025
107439800
107438271
107446217
107448170
107446686
107442600
107453087
107447819
107442068
107443955
107456411
107448308
107447511
107447804
107449632
107444939
107442047
107439441
107450327
107454197
107439191
107457549
107452847
107442088
107446884
107444235
107450487
107456293
107445477
107454946
107455590
107446409
107441365
107437238
107438822
107455529
107449171
107454592
107450105
107452626
107440346
107456410
107452174
107446558
107442514
107446008
107455889
107441735
122268290
107449810
122270010
107449695
107440228
107438055
107448649
107441199
107437128
122270812
107438123
107442288
107439873
107439759
107438171
107437214
107457399
107438026
107452295
107451404
107443686
107439163
107448442
107455944
107454504
107438181
107443267
107449089
107452446
107450896
107451833
107456619
107446189
107436740
107450904
107452753
107438264
107457060
107439148
122268243
107451746
122270204
107453367
107439728
107447543
107437434
107450530
107451338
107443587
107440130
107448738
107436120
107446548
107451988
107439399
110282007
107444549
107455109
107448314
107453016
107456945
107439633
107447556
107453328
107448467
107453751
107436899
107452831
107441798
107446700
107453778
107445470
107456545
107439001
107445676
107456833
107441564
107451405
107454643
107450421
122268228
107455828
107456296
107441229
107451345
107446698
107438715
107445905
107452451
107451990
107440692
107451723
107451213
107436523
107437359
107437701
107444979
107444837
107443813
107444361
107454413
110283246
107453973
107447064
107448011
107443736
107454695
107440288
107444168
107437743
107449392
107446973
107447557
107444788
107438029
107444725
107456554
107442283
107441101
107453172
107454152
107440784
107441423
107446396
107454584
107441445
107449964
107442040
107456217
107436566
107451497
107449168
107441854
107446718
107455566
107445519
107447257
107456522
107436991
107444000
107444732
107448437
107443256
107436487
107441952
107449946
107454163
107444720
107441820
107440671
107456814
107442500
107438017
107443880
107448624
107439044
107446460
107446838
107454344
107455873
107438477
107448797
107451378
107441742
107437778
107437405
107455170
107456071
107456490
107455476
107448250
107456506
107437530
107452085
107454085
107437092
107437475
107441273
107456534
107442492
122269720
107442673
107443017
107452528
107450838
107437047
107451407
107443109
107441579
107437191
107453696
107450143
107443096
107439933
107438303
107438971
107441968
107449559
107448763
107438727
107440608
107444189
107439423
107442424
107447821
107443097
107437917
107455593
107445948
107448970
107455017
107456115
107452288
107440082
107453164
107447221
107446122
107450977
107440488
107438548
107436400
107438935
107439071
107444190
107446356
107453276
107440562
107454031
107455662
107446172
110282384
107445207
107437113
107447378
107456307
107446827
107437830
107454650
107442986
107446917
107439064
107455611
107443484
107452291
107454143
107449890
107455840
107448491
107447212
107452586
107448857
107449566
107445052
107437624
107443702
107453564
107445679
107441272
107445503
107448701
107437906
107447084
107444885
107446929
107442662
107455199
107450906
107452840
107451530
107456348
107444900
107441575
107441373
107449281
107438574
107441669
107436183
107453548
107438601
107450301
139426453
107445354
107445920
107452366
107456941
107440013
107451619
107454171
107457576
107443185
107452564
107441666
107448312
107443312
107452302
107455972
107451028
107438843
107441989
107455069
107454713
107445189
107442083
107438487
107453846
107453142
107436677
107439919
107442086
107444631
107457466
107437703
107450206
107436964
107440075
107451611
107438534
107455180
107440117
122268998
107438750
107437598
107440403
107440867
107448822
107457429
107439461
107448533
107443301
107449634
107454107
107444173
107444116
107453756
107438398
107442489
107455941
107436396
107437569
107453531
107436389
107440534
107450285
107455635
107446592
107444183
107447888
107452265
107437511
107448062
107448776
107442502
107447704
107454971
107442774
107437781
107448612
107457165
107446090
107454558
107451403
107451788
107439344
107442486
107456636
107455800
107457284
107437988
107448331
107439186
107457301
107453773
107453316
107451705
107451830
107451489
107451669
107448487
107436357
107448885
107441995
107437288
107445682
107443611
107442362
107444033
107436950
107453731
107441415
107440555
107452778
107454338
107436479
107454653
107437396
107455325
110282956
107444284
107455134
107437122
107439463
107442820
107453029
107455006
107444748
107457155
107439286
107452147
107457091
107439219
107438129
107436987
107446078
107440489
107450357
107446833
107443363
107439887
107450425
107456116
107452360
107441232
107447357
107439120
107454104
107443495
107444442
107451679
107447956
107444319
107444844
107436313
107437257
107443620
107457474
122270279
107443698
107451687
107444338
107450415
107453503
107446139
107442637
107447703
107451153
107447973
107451473
107442129
107451246
110282931
107445634
107446257
107451108
107436684
107446220
107436221
107438933
107457524
107446925
107450970
107438875
107438995
107455539
107456691
107444215
107453541
107436913
107451617
107442914
107452555
107445799
107446550
107455328
107437373
107443396
107444557
107453935
107437994
107445532
107440725
107448326
107444155
107443782
107447983
107452046
107452768
107447336
107449383
107453249
107455768
107440590
107452758
107443403
107442171
107450999
107443156
107448637
107448412
107437350
107451463
107441817
107448168
107455646
107444186
107442479
107443116
107445488
107454216
107450879
107453184
107455077
107448641
107448528
107436925
107448335
107453324
107449956
107446834
107455560
107437504
107450831
107455805
107456813
107446526
107452891
122270635
107440320
107449763
107453425
107445904
107446839
107453686
107447215
107446218
107453767
107449443
107454248
107438292
107453055
107450477
107443067
107444999
107438855
107440390
107442711
107451758
107441353
107439212
107451105
107446198
107457029
107436321
107446346
107436953
107442747
107446023
107444546
107443627
107436539
107444430
107449985
107451717
107444928
107449679
107457098
107442921
107437787
110282665
107447121
107438962
107440936
107447448
107436548
107454205
107448262
107448313
107454824
107448898
107438452
107449658
107445513
107440071
107445826
107444337
107448309
107437913
107442067
107451519
107440896
107438786
107449624
107447463
107454963
107453408
107455162
107443585
107455025
107436888
107445720
107450104
107438104
107443892
107450245
107443649
107457316
107456256
107453266
107442737
107455997
107446867
107443588
107437972
107438744
107439917
107447158
107448389
107447795
107446745
107449981
107449515
107446608
107442674
107439533
107447085
107437549
107439479
107439235
107448618
107441678
107443662
107437752
107437430
107452398
107449528
107444644
107443607
107441822
107457529
107456351
107449411
107452355
107455737
107437724
107452321
107452975
107452252
107436911
107447181
107455720
107436690
107446357
107443151
107452697
107455556
107446084
107453299
107443637
107454158
107457551
107449329
107439063
107455628
107437956
107447531
107454539
107436284
107457308
107456829
107436231
107450413
107446924
139426419
107441188
107442853
107455739
107440983
107447991
107437413
107451713
107436294
107444448
107454170
107454405
107442097
107448291
107444462
107450013
107436394
107441007
107451421
107450077
107438731
107444074
107444464
107451884
107439859
107454644
107445482
107439911
122268945
107436420
107453197
107437503
107444620
107453757
107455357
107454617
107446319
107448698
107440906
107446998
107455822
107448010
107438318
107455776
107455112
107456517
107450481
107441576
107447369
107439393
107452931
107443804
107456887
107448539
107446406
107437718
107450865
107440950
107457354
107452936
107441644
107448048
107440317
107454314
122271722
107437810
107436148
107452059
107438024
107446559
107453674
107448371
107455003
107443985
107455027
107443766
107442402
107443707
107450860
107457361
107437843
107456167
107452417
107438693
107439245
107440093
107443986
107443982
107438277
107454173
107457373
107450179
107448225
139426092
107450570
107449476
107455579
107454525
110283031
107436615
107441376
107447806
107455188
107445478
107452728
107451897
107457451
107443749
107455020
107451567
107442890
107454970
107436489
107444358
107437147
107456733
107442229
107438164
107448044
122268256
107452658
107445861
107447237
107437712
107456811
107457177
107455363
107448091
107448834
107455715
107446699
107457320
107450617
107450000
107449552
107449915
107453621
107442967
107455227
107452536
107437286
107452315
107442865
107443665
107446684
107455423
107443269
107439654
107456401
107454902
107436587
107436095
107448457
107445800
107436318
107455750
107455179
107451250
107436524
107438273
107451341
107437853
107451871
107439588
107448691
107448804
107450304
107450028
107451442
107437864
107450003
107439168
139425388
107448210
107442444
107452007
107439745
107438358
107455685
107449691
107439791
107439528
107439432
107440436
107455784
107457202
107444385
107456548
107452426
107457068
107439012
107456614
107436759
107454852
107437044
107440142
107440210
107454330
107438413
107450289
107456969
107442211
107437977
107452981
107444205
107436088
107446965
107440425
107456986
107454657
107439891
107441016
107438634
107438994
107448807
107456435
107451069
107445618
107452902
107450468
107448801
107451476
107451235
107447868
107436197
107451668
107442125
107446790
107439443
107453162
107445163
107447284
107443502
107451577
107436332
107439070
107454045
107455324
107440266
139427285
107437000
107454203
107453330
107439206
107439842
107450240
107449321
107454091
107447595
107438605
107445450
107449904
107436306
107451495
107449906
107445290
107456618
107440267
107457197
107436233
107441990
107450986
107447036
107452718
107448209
107448236
107436542
107447120
107442147
107454148
107442226
107454894
107451140
107440321
107451966
107444565
107442641
107449326
107437127
107436643
107447014
107440491
107454660
107436567
107447953
107450367
107447038
107446555
107440958
107451986
107457184
107441331
107440745
107457181
107454110
107449706
107443082
107449449
107456298
107457134
107451991
107436356
107445648
107444178
107439241
107436765
107440147
107449729
107453134
107443496
107443681
107443896
107439624
107456236
107452142
107446381
107450708
107454823
107439895
107456557
107444888
107451440
107437488
107442255
107454410
107451034
107455137
107443752
107439661
107448572
107436978
107456079
107446188
107445409
107454343
107452656
107442225
107437290
107440833
107454808
107449814
107456694
107442659
107457319
107439364
107447770
107454402
107455927
107454953
107446636
107438767
107437776
107438443
107448329
107436329
107441823
107452649
107443857
107441285
107445611
107447629
107444313
107451049
107439947
107437588
107444383
107445152
107453992
107444945
107440965
107453812
107441618
107446271
107441700
107453950
107443506
107440379
107456543
107441696
107437638
107453513
107437622
107443945
107443731
107444618
107454934
107440740
107446053
107457133
107438282
107452661
107443265
107447755
107446697
107442194
107437772
107448813
107448053
107436137
107454290
107438451
107453373
107446747
107452402
107440284
107449839
107445624
107436163
107443371
107446933
107441988
107445407
107447584
107442739
107445253
107442266
107449999
107440762
107447381
107444952
107443254
107448165
107446034
139425824
107455211
107451314
107451448
107443137
107440468
107453611
107438793
107436181
107446640
107439301
107455329
107450864
107437386
107440571
107440573
107450852
107457303
107456849
107445323
107436538
107453910
107441788
107453300
107455226
107450406
107440561
107448158
107443290
107443470
107449550
107436343
107442882
107436951
107439087
107453405
107436189
107438872
107441254
107455637
107436944
122268887
107448616
107451203
107450832
107440008
107447830
107455224
107455911
107450949
107451036
107455968
107449780
107438745
107451266
122272154
107442012
107441734
107442957
107444515
107449733
107438265
107455562
107445986
107454524
107452906
107440086
107440834
107455369
107445507
107436304
107454837
107447989
107457398
107439563
107452742
122270897
107455858
107446631
107441967
107453886
107441540
107457321
107437377
107436683
107456919
107436342
107454084
107457310
107456162
107456494
122270190
107456773
107450140
122272156
107449743
107451195
107449033
107444950
107439175
107439155
107456559
107442290
107451223
107456287
107453044
107447955
107455418
107436544
107449917
107442829
107438861
107440563
107455106
107443181
107438799
107442218
107440206
107450697
107442220
107442826
107449771
107439338
107442388
107445149
107437215
107445432
107439790
107457188
107443021
107452828
107438043
107439009
107449439
107448402
107436081
107439916
107444151
107444066
107451020
107450529
107439521
107449655
107438285
107447570
107438981
107440205
107453040
107453907
107439934
107456843
107447867
107444677
107448773
107452570
107455426
107443299
107445527
107451216
107451025
107452121
107452401
107447788
107438723
107442643
107448453
107446962
107451868
110283197
107445930
107440625
107439823
107455221
107453507
107455826
107437072
107439717
107444053
107439161
107451912
107451989
107437006
107449327
107453287
107451981
107441701
107444246
107454875
107439743
107445680
107457382
107439362
107453619
107448032
107456512
107450643
107443895
110281921
107451376
107445918
107456902
107443535
122268398
107452655
107456200
107446425
107439327
107447671
107447546
107451380
107455385
107448849
107455856
107438853
107439694
107438997
107436687
107446816
107439851
107436996
107436724
107449388
107452285
107438061
107437550
107437154
107455599
107450491
107439336
107453760
107457007
107454573
122271919
107450718
107439715
107455178
107449438
107437769
107456861
107443194
107443801
107446091
107455578
107448728
107448232
107444745
107447490
107451808
107447152
107453469
107444043
107446594
107446070
107448398
110282899
107439416
107441861
107440484
107450175
107454462
107446737
107449323
107440104
107444400
107448527
107445177
107454282
107442524
107438177
107445639
107441379
107454401
107449410
107440693
107446679
107437360
107436131
107447810
107449234
107450379
107437210
107446916
107450979
107452365
107447650
107448614
107457168
107449110
107448854
107438302
107452735
107450118
107455648
107439810
107451492
107457559
107444724
107442313
107442179
107442253
107455215
107455066
107440318
107442453
107441828
107456361
107453685
107448182
107452137
107453853
107452140
107450824
107456611
107440675
107444387
107455848
107440065
107450460
107438588
107447385
107454292
107455690
107445665
107447748
107443050
107440930
107447384
107455878
107448619
107457295
122270634
107444091
107438628
107449711
107442183
107443589
107457318
107446710
107452491
107454815
107443540
107448510
107436290
107445521
107436656
107442577
107438737
107456218
107449979
107453765
107451236
107451708
107444042
107454991
107441296
107450248
107447668
107449668
107454427
107452176
107444089
107452101
107449019
107440432
107455152
107445985
107443295
107454334
107448346
107437425
107455347
107454582
107439788
107445062
107452696
107447589
107441230
107456549
107439520
107453813
107456352
107447248
107455597
107455657
107437056
107450862
107449630
107449650
107453576
107450943
107444193
107447617
107453051
107447405
122269727
107437303
107457264
107447591
107456455
107446033
107450486
107437945
107456302
107441248
107450317
107449521
107453132
107439612
107443715
107449459
107451721
107455793
107440644
107443805
107438867
107442960
107440413
107442072
107441858
107449640
107450128
107453524
107438007
107448536
107457067
107452179
107453754
107449297
107442561
107437009
107453792
107452195
107444249
107446946
107453794
107455574
107443488
107436732
107448791
107456688
107447813
107453476
107441775
107449648
107444802
107444709
107441525
107441910
107443112
107438211
107453658
107441867
107440985
107456928
107457045
107456960
107444216
107452734
107457054
107450851
107440738
107438425
107455538
110283103
107456865
107449304
107453220
107444741
107437559
107447736
107454958
107444750
107437353
107450785
107455001
107440529
107442325
107443337
107455755
107440804
107441691
107438486
107455943
107441190
107453624
107443847
107437891
107440449
107440401
107457448
107457567
107450534
110283279
107448814
107450009
107445402
107448737
107444492
107442359
107436330
107447479
107456075
107457119
107451855
107438654
107438926
107449795
107442610
107454762
107447653
107447460
107445692
107452702
107440557
107443775
107440516
107454101
107457287
107453971
107444285
107456927
107446402
107454093
107446708
107448055
107446721
107442387
107456870
107449014
107444292
107455791
107455318
107449603
107437470
107456825
107448319
107438756
107453803
107449146
107447850
107442626
107456595
107456650
107450815
107439587
107444628
107442644
107439763
107443086
107448506
107448944
107445661
107451491
107442488
107452199
107436838
107440739
107437526
122273063
107439638
107456421
107455435
107456551
107444944
107454204
107448407
107443327
107439529
107439007
107441201
107449343
107437699
107438968
107439685
107445055
107437231
122273291
107442278
107452905
107445355
107452013
107443054
107437124
107456626
107447646
107456266
107442819
107455322
107442910
107450499
107441960
107448187
107441777
107439564
107446298
107441267
107454409
107447489
107457335
107448460
107437780
107457360
107440941
107456186
107457379
107449120
107448640
107452584
107451182
107455547
107451038
107445780
107439894
107454342
107451318
139424815
107449373
107447153
107443625
107457402
107441152
107437337
107439406
107436110
107437327
107452995
110282490
107451134
107442132
107440969
107449627
107436407
139427122
107453761
107439594
107439236
107450559
107438420
107457333
107456527
107456625
107440655
107455701
107450158
107454767
107442498
107449540
107447872
107440259
107439596
107452096
110283244
107445179
107436766
107454727
107442569
107438998
107445011
107438637
107448959
107440501
107438885
107456766
107448778
107438768
107451183
107446036
107438657
107440651
107441193
107448850
107441834
107455561
107438828
107454068
107448731
107452506
107453590
107445908
107451770
107456541
107443263
107453529
107449789
107443445
107442079
107436569
107448299
107438720
107455194
107445958
107443049
107454658
107457488
107457312
107438692
107449656
107453417
107453225
107445005
107453219
107436366
107452034
107456202
107437037
107452801
107453594
107438439
107452970
107448161
107454881
107450633
107447836
107440951
107454088
107447549
107436494
107436660
107456926
107451621
107454147
107452457
107456908
107444407
107445763
107457365
107451014
107443436
107455969
107447544
107441640
107440458
107452900
107455306
107457030
107439228
107444941
107439569
122268549
107449914
107449508
107444441
107453613
107456524
107448842
107445655
107452143
107450051
107449918
107454715
107436193
107443159
107441619
107440385
107442783
107439470
107450696
107442242
107454756
107453467
107445251
107443405
107457083
107457313
107440327
107442041
107436478
107440236
107437881
107446557
107443221
107443447
107444524
107438075
107437782
107455975
107443939
107439013
107443203
107450623
107447699
107447080
107456095
107448745
107436646
107450187
107455070
107445891
107438308
107438174
107453694
107451572
107444046
107441035
107452335
122268202
107447976
107443879
107447216
107437459
107453129
107450129
107439716
107452368
107437450
107446405
107455225
107440207
107445524
107441884
107446094
107449543
107441464
107440448
107440732
107445760
107457008
107439015
107447227
107440333
107441661
107444360
107450493
107447957
107448134
107452788
107456491
107438328
107452324
107450368
107443902
107437591
107454930
107456922
107437146
107452356
107442032
107450427
107439512
107437541
107443767
107439970
107444336
107437773
139425856
107441659
107450348
107441942
107450056
107453001
107444809
107456768
107437592
107443464
107439102
107453730
107455631
107445161
107437779
107436875
107446018
107447475
107446574
107455469
107445000
107438058
107449724
107446320
107455898
107443044
107448135
107443155
107452144
122271847
107447217
107451478
107444150
107449261
107443083
107445603
107453644
107450008
107439083
107451343
107443829
107457132
107452596
122273098
107440883
107445162
122270296
107446315
107447745
107439878
107455474
107449631
107447702
107453041
107453809
107444813
107440566
107439251
107446812
107455591
107444763
107441654
107443848
107456254
107452725
107456277
107452657
107439599
107436940
107437125
107456877
107446532
107447022
107454301
107442195
107451720
107444335
107439373
107438446
107452749
107451873
107448071
107453974
107454789
107442767
107438969
107436767
107453361
107449967
107436519
107445999
107443070
107443113
107451807
107441647
107451887
107438862
107453288
107448748
107439257
107457362
107443110
107438873
107450603
107437535
107443494
107448908
107448336
107452403
107452206
107441346
107437030
107455995
107436876
107449152
107455663
107444082
107447156
107448111
107453750
107437597
107443016
107439486
107444439
107444506
107451979
107438648
107456136
107447864
139426010
122271266
107441628
107450295
107440114
107440931
107439660
107454738
107456952
107439945
107448239
107454505
107437170
107444801
107452367
107439814
107454243
107437621
107436816
107450476
107454367
107451977
107453013
107454498
107444460
107449529
107439834
107446012
107441323
107450354
107438748
107442214
107452962
107456784
107443497
107456683
107447392
107455431
107442078
107454393
107438325
107451822
107449359
107436945
107456337
107445381
107450288
107441108
107455850
107454591
107455721
107451100
107444181
107442035
107445875
107444087
107439893
107450444
107456850
107450456
107454814
107438788
107457205
107448153
107439256
107437088
107436619
107446209
107450490
107447843
107442602
107449513
107446031
107448680
107447382
107442034
107454662
107443828
107436701
107439177
107450173
107453752
107438427
107439602
107441580
107440882
107454369
107443195
107455888
107455884
107445117
107439019
107454430
107436253
107439639
107436250
107440265
107445791
107451350
107455971
107455398
107455187
107457070
107455792
107454546
107453150
107436080
107455785
107437468
107439600
107457201
107455734
107454728
107454615
107442138
107452010
107440914
107455362
107449462
107439421
107443372
107438411
107450371
107451248
107438800
107447927
107448732
107449666
107442199
107451027
107436657
107448317
107455374
107438485
107440028
107440337
107441924
107436956
107456774
107444942
107457437
107441722
107440440
107438965
107453047
107439415
107449846
107442231
107445072
107445688
107437117
107453168
107442019
107447027
107442841
107454251
107438711
107440855
107455244
107452191
107451466
107441182
107439836
107437369
107446996
107453301
107457103
107449197
107449107
107437276
107443629
107442959
107453148
107436171
107448298
107447371
107449260
107437155
107446709
107442031
107455223
107452452
107438556
107452750
107448263
107449872
107451411
107436762
107443526
107447242
107436676
107456220
107442020
107457248
107454178
107446358
107455283
107443816
107439260
107452693
107441257
107447649
107442233
107456404
107443581
107437152
107441013
107452838
107443271
107451193
107448162
107455444
107445141
107438038
107445328
107444555
107437713
107445943
107436995
107440021
107442595
107456589
107445671
107449257
107445858
107445967
107444391
107441233
107446783
107447518
107455602
107447929
107451681
107457213
107438182
107454075
107454618
107451965
107457289
107457243
107436585
107448050
107448669
107438158
107444389
107438044
107455935
107442948
107438795
107441692
107436102
107438929
107457299
107443342
107454883
107449779
107443153
107452114
107451033
107441996
107456946
107455797
107449517
107440230
107443127
107448648
107452498
107447180
107447942
107455249
107439615
107448693
107444513
107438999
107438482
107437223
107447763
107448919
107449583
107442586
107455259
107436350
122268362
107446744
107455378
107451753
107444426
107453070
107455326
107445590
107439065
107437604
107456465
107443881
107456767
110282053
107456252
107450555
107439885
107442930
107444629
107453183
107436998
107436275
107453671
107449408
107437896
107449753
107442888
107439901
107453577
107454521
107452294
107452017
107454035
107447017
107454466
107446576
107439062
107443508
107437086
107442000
107455164
107436873
107451706
107442777
107443444
107456668
107437156
107446376
107436376
107447023
107436500
107448828
107443408
107449600
107447285
107454154
107439293
107456900
107456666
107441602
107441559
107442282
107457001
107449367
107445237
107439067
107437002
107439038
107449541
107444993
107446670
107436589
107454240
107454735
107445672
107442487
107440685
107442004
107448853
107452200
107451604
107456708
107440908
107440944
107440581
107444232
107438428
107446531
107442667
107445728
107442223
107449263
107444662
107439592
107456461
122270632
107455235
107440747
107454359
107448186
107450508
107449943
107442324
107444083
107456422
107450924
107448330
107442787
107454563
107455396
107446307
107436753
107439849
107444392
107438703
107450497
107455967
107452953
122272291
107455012
107456394
107439420
107448655
107455745
107447033
107439898
107453295
107442406
107441094
122272793
107445415
107440015
107445520
107450116
107450097
107452819
107449259
107442197
107442315
107443785
107457002
107436901
107442046
107438086
107452353
107438060
107454100
107437314
107456968
107440712
107447426
107457349
107444258
107453598
107449325
107449895
107449829
107447871
107437351
107451230
107442369
107446259
107454249
107453983
107436866
107436563
107446108
107450837
107442033
122270828
107454510
122271231
107438921
107445932
107452654
107456441
107442310
107449594
107455706
107440980
107437046
107456981
107448765
107441406
107449705
107442532
107443882
107456499
107449140
107450347
107437641
107443310
107441250
107438746
107457450
107446360
107444463
107437986
107452221
107448311
107437704
122269368
107442785
107446235
107443380
107447302
107457149
107449381
107448596
107456196
107446974
107445363
107439217
107439699
107449489
107456812
107454790
107437814
107451431
107451756
107444440
107438152
107443364
107441537
107446791
107453086
107456583
107449274
107448099
107450910
107436851
107455926
107441521
107439711
107451101
107444862
107448555
107449016
107451851
107447359
107443458
107456959
107452595
107457579
107451397
107448018
107440668
107456449
107440063
107447068
107442938
107442158
107455123
107453332
107443889
107447040
107449523
107448815
107447466
107451568
107455897
107445525
107443475
107449369
107453854
107448604
107445887
107447734
107436476
107443706
107439766
107444670
107455248
107443819
107454109
107451839
107456655
107449131
122271002
107436228
107440074
107448113
107438293
107436425
107448917
107437600
107440123
107436371
107443131
107440647
107447774
107457435
107455384
107457489
107453306
107438876
107452631
107439061
107452895
107442525
107451798
107440946
107438337
107436880
107443608
107454034
107457059
107443428
107450228
107447727
107454763
107439829
107454358
107451162
107451398
107444661
107449544
107447974
107445155
107446556
107451490
107447634
139425008
107440938
107436328
107440469
107448529
107439146
107440124
107455630
107454399
107441137
107444126
107449078
107446087
107455796
107447833
107454233
107448514
107450873
107442920
107445516
107439465
107439189
107449732
107444538
107437937
107449344
107453900
107446080
107444393
107449512
107438561
107436373
107447666
107439127
107454425
107440887
107437742
107451801
107448571
107449865
107452689
107456521
107451815
107452103
107456238
107445782
107445462
107456260
107453795
107446680
107453688
107454352
107436296
107436870
107450185
107455817
107442827
107439523
107448242
107448234
107444726
107442896
107440055
107454928
107442818
107436462
107448764
107437619
107448169
107438565
107437940
107443810
107455379
107447013
107448307
107437605
107449106
107439670
107444609
107449425
107445928
107438710
107436751
107450926
107442523
107452251
107453312
107447020
107450877
107436972
107453335
107441581
107444109
107455922
107440345
107445723
107441673
110281956
107449633
122273270
107456835
107437500
107446750
107441100
107437133
107454467
107448447
107447658
107456627
107445070
107455665
107437562
107445456
107444468
107451112
107444204
107451731
107437082
107456772
107451799
107445890
107440460
107441348
107439726
107451256
107455730
107455009
107457490
107443123
107449670
107447633
107455633
107437625
107453693
107456828
107457483
107446536
107451580
107438085
107453804
107449980
107452358
107437915
107450226
107439122
107450241
107456953
107447512
107440899
107447122
107445101
107453569
107449776
107446654
107453540
107447577
107450060
107445518
107441573
107440429
107453617
107451262
107438011
107436878
107442766
107444458
107447688
107453961
107448432
107445081
107442576
110282097
107453975
107447472
107437045
107452175
107445487
107448338
107457520
107443373
107445815
107444753
107439488
107437502
107456558
107456830
107456177
110281924
107451139
107454494
107452695
107436419
107454607
107453655
107446293
107438785
107442951
107443703
107455919
107442904
107449592
122269282
107454012
122268403
107443407
107441030
107452117
107454111
107442432
107439589
107448325
107455801
107442554
107442786
107452623
107445632
107440854
107445775
107447710
107444578
107439166
107452825
107438920
107457314
107440505
107447151
107440127
107449908
107438130
107444742
107437372
107454495
107445002
107442148
107447164
107437325
122271367
107446755
107455313
107448894
107439591
107440812
107456370
107452694
107443193
122269490
110283350
107443984
107453748
107448975
107439016
107443003
107445353
107451191
107447874
107452052
107447970
107437106
107443341
107451982
107442103
107436761
107436127
107439501
107437420
107445893
107440515
107446296
107449662
107437616
107438195
107452708
107457026
107455173
107456684
107440070
107446982
107448915
107452821
107455366
107446529
107454566
122272960
107439000
107449021
107450201
107447751
107448454
107448621
107440216
107455209
107456133
107453353
107447417
107442773
107438940
107450482
107452097
107436879
107451052
107452306
107440979
107452338
107439498
107454155
107439828
107439076
107441773
107454054
107447243
107450593
107440185
107453506
107452999
107443115
107454165
107453126
107438641
107449885
107455937
107450109
107445412
107442530
107453083
107448284
107456876
107449952
107445541
107454368
107442446
107449584
107449243
107448632
107436929
122271203
107446989
107451483
107437886
107441702
107440452
107446301
107436525
107436903
107451137
107455393
107437680
107440399
107446707
107452833
107440109
107441901
107454645
107446249
107440426
107446510
107450412
107444085
107451995
107451496
107446742
107449382
107447921
107439641
107440940
107437983
107445275
107436405
107448277
107455375
107444818
107447491
107455774
107447335
107457577
107447648
107442275
107440424
107442531
107457485
107439386
122268379
107456423
107442281
107450249
107441578
107451575
107441682
107441538
107455019
107443699
107451453
107442311
107450203
107452444
107453059
107451283
107439261
107451409
107436258
107439734
107440090
107444930
107452659
107444833
107444554
107451595
107455732
107452292
107451566
107451782
107449377
107451548
107438015
107444997
107453121
107452836
107455869
122269142
107437042
107455823
107447863
107448052
107439471
107452534
107443461
107447087
107438611
107442365
107453182
107438084
107451446
107442137
107440143
107450835
107436952
107436969
107436981
107455818
107444762
107448831
107451984
107444086
107442762
107447009
107451064
107451375
107455434
107443623
107440482
107443507
107438541
107452080
107440430
107444880
107438549
107442478
107442676
107445489
107440863
107455232
107448905
107450391
107456958
107436174
107444645
107450290
107443186
107442578
107442192
107449008
107437336
107449613
107440439
107454245
107443236
107453921
107437964
107436398
107455811
107452712
107436938
107442895
107449735
107449916
107438680
107452854
107442330
107452339
107437990
107439032
107439889
107448900
107447455
107448095
122269319
110282427
107444550
107455909
107453251
107455740
107441029
107441019
107449730
107454652
107439143
107446635
107453749
107451280
107442512
107439875
107443303
107443843
107446928
107440508
107439160
107449013
107444954
107452915
107445067
107453448
107450564
107447018
107455233
107442897
107457161
107436744
107438185
107440773
107447268
107446516
107449794
107445512
107453678
107442191
107439557
107438829
107443114
107436576
107442409
107441181
107441442
107450092
107450204
107449718
107449898
107444231
107441171
107449966
107437258
107440354
107457207
107445416
107446918
107449020
107440761
107457315
107440918
107437636
139425568
107440184
107438304
107453768
107442958
107457277
107450522
107455389
107451968
107442474
107444088
107447711
107447638
107456420
107446963
139425365
107438397
107457389
107443351
107451097
107454693
107443479
107449285
107439011
107446599
107450775
107454742
107443554
107438289
107455788
107436129
107450314
107442143
107437746
107437074
107437380
107455086
107457339
107456398
107452888
107452673
107439478
107437340
107445113
107439384
107455035
107449491
107436534
107439650
107446182
107444793
107456081
107439679
107456228
107445469
107436415
107454198
110282721
107438213
107456286
107456425
107456809
107451470
107437663
107451973
107456148
107443344
107450971
107444575
107449463
107436558
107449693
107451736
107457126
107445218
107441110
107454391
107450230
107451806
107444253
107455920
107441411
107441253
107454868
107448370
107448109
107447083
107456781
107443621
107441096
107436812
107450479
107448615
107456718
107441597
107453466
107439092
107448918
107446798
107448903
107443261
107452716
107448049
107444063
107450758
107449337
107438380
107454128
107438904
107437203
107450746
107446914
107455963
107456717
107438842
107445654
107441560
107456780
107447102
107446083
107455910
107437927
107450553
107450188
107442970
107442685
107453543
107442703
107440191
107443266
107439571
107440817
107454270
107437063
107440728
139426200
107446703
107453460
107451525
107448441
107436380
107443139
107447141
107450550
107443618
107455087
122270326
107438535
107443033
107454182
107448927
107441770
107452314
107438107
107453805
107442385
107445589
107455808
107439419
107451639
107450759
107444791
107451688
107456901
110283034
107441523
107455847
107454418
107445338
107457305
107441093
107445658
107440891
107441670
107446294
107441550
107446717
107450007
107436997
107439468
107447926
107440421
107446237
107439853
107445112
107438139
107440450
107447828
107444317
107452145
110282259
107443584
107445533
107455010
107436736
107441925
107456308
107450094
107442852
139424801
107448829
107454888
107457014
107438833
107450846
107442556
107450907
107442603
139426435
107448103
107437338
107454980
107448684
107449983
107442017
107447780
107456070
107452184
107452146
107439802
107438170
107452894
107453155
107440771
107442254
107456140
107454597
107454613
107454438
107440111
107449871
107438128
107442286
107439125
107441694
107455202
107439680
107440186
107442230
107441015
107444569
107439582
107441284
107451805
107447664
107446659
107443613
107452913
107448833
107451829
107449623
107450387
107438573
107449060
107452643
107438009
107450754
107454105
107445255
107451326
107440470
107448552
107446373
107443359
107442131
107443929
107450121
107438636
107436178
107441851
107437618
107454179
107449440
107445036
107455576
107436370
107446858
107441349
107443591
107456289
107446760
107449739
107449851
107451750
107456087
107449783
107454231
107449536
107437681
107445941
107443231
107447943
107443061
107456790
107454964
107448668
107447987
107448297
107453377
107448431
107446490
107442727
107441833
107437132
107437507
107447706
107440211
107446442
107455065
107457467
107449277
107447917
107440900
107443916
107456011
107451510
107443996
107449423
107451165
107446093
107453728
107444561
107453847
107449607
107448037
107453226
107457436
107457247
107447026
107454759
107437069
107452266
107455626
107448896
107456788
107448476
107444203
107439845
107440479
110281902
107444800
107452732
107439350
107440599
107448875
107448404
107450556
107455026
107443032
107440411
107443071
107444797
107441259
107457370
107452603
107455573
107456552
107442991
107446260
107452218
107442398
107446908
107440017
107436788
107438652
107456212
107444798
107455853
107453601
107448445
107445650
107446882
122271094
107438635
107439255
107452212
107441983
107444090
107452102
107445403
107454743
107443211
107443183
107456215
107437770
107449813
107439043
107438751
107454488
107441054
139424780
107437916
107442217
107450156
107438970
107457460
107437387
107442642
107442687
107448479
107457102
107442222
107456440
107445051
107442832
107441832
107457344
107438450
107455165
107448566
107439762
107438966
107443577
107447775
107454374
107442650
139426335
107436514
107450845
107445585
107446061
107438608
107453504
107446446
107437169
107455964
107445483
107439418
107445059
107443382
107454194
107447326
107439105
107440118
107443862
107455239
107452871
107455471
107454891
107456139
107439167
107440996
107455308
107444625
107441959
107448513
107455762
107436965
107442236
107443795
107448608
107438074
107439333
107453560
107457444
107453414
107448185
107455285
107440422
107443190
107440902
107440208
107443047
107454877
107437279
107445656
107439988
107441427
107456988
107437329
107445031
107449990
107436760
107456446
107451517
107439269
107454959
107441461
107456903
107451023
107443417
107438787
107447705
122268245
107443814
107449366
107451680
107447978
107450645
107441176
107437282
107454268
107451773
107455132
107441878
107442113
107436697
107441821
107440023
107437993
107448243
107453081
107436367
107443262
107450242
107447454
107440136
107445542
107442765
107436238
107457347
107438964
107437802
107449901
107442239
107452889
107450229
107448741
107439377
107450925
107454610
107439253
107445378
107437989
107439760
107438159
107440928
107450236
107446836
107451774
107450902
107445582
107445423
107437707
107455234
107451576
107443179
107439220
107456864
122270387
107439843
107437479
107444906
107453415
107456616
107455144
107436314
107440442
107456135
107452877
107445529
107436164
107443734
107446362
107449562
107441255
139425831
107442990
107449738
107446411
107445463
107454734
107451316
107456492
107438295
107439793
107436658
107448097
107439028
107446911
107457179
107443534
107437673
107445136
107451054
107453801
107451273
107450141
107444721
107447536
107457580
122273494
107447247
107441903
107449587
107445049
107439604
107440977
107444184
107444050
107442168
107455436
107450002
107447163
107437885
107457267
107456817
107440818
107447456
107455113
107453858
107439181
107447024
107452529
107452197
107445807
107453151
107453314
107454050
107439361
107454967
107440715
107444172
107456682
107445746
107449217
107455364
107440506
107447241
107456687
107438476
107455314
107443679
107454375
107451740
107445704
107457027
107437508
107439202
107440125
107436786
107437315
107447537
107451810
107437602
107454697
107448876
107446964
107454578
107444712
107439821
107457563
107456445
107438354
107450449
107446065
107448912
107443612
122269557
107449687
107452516
107454289
107438852
107436840
107438877
107454162
107440253
107456513
107456587
107448667
107442142
107452515
107441175
107453341
107448827
107448376
107441297
107448971
107448530
107442070
107436092
107441991
107444730
107449708
107448623
107437607
107439006
