107436102
107436150
107436171
107436184
107436216
107436231
107436290
107436318
107436350
107436373
107436398
107436403
107436479
107436481
107436489
107436494
107436514
107436525
107436531
107436544
107436554
107436569
107436587
107436643
107436678
107436683
107436686
107436690
107436697
107436710
107436727
107436768
107436786
107436881
107436901
107436903
107436925
107436947
107436952
107436961
107436965
107436966
107436995
107437027
107437034
107437044
107437050
107437069
107437072
107437076
107437082
107437124
107437169
107437203
107437252
107437405
107437413
107437459
107437468
107437549
107437550
107437597
107437605
107437610
107437666
107437699
107437705
107437741
107437743
107437769
107437772
107437778
107437781
107437788
107437815
107437838
107437865
107437885
107437896
107437963
107437988
107437994
107438009
107438011
107438052
107438053
107438085
107438130
107438168
107438182
107438185
107438257
107438273
107438289
107438293
107438323
107438324
107438397
107438425
107438451
107438488
107438528
107438533
107438565
107438609
107438623
107438639
107438640
107438641
107438671
107438679
107438680
107438693
107438710
107438723
107438755
107438785
107438786
107438795
107438798
107438800
107438822
107438826
107438833
107438837
107438861
107438877
107438904
107438928
107438929
107438935
107438943
107438959
107438967
107438976
107438993
107438994
107439011
107439067
107439076
107439094
107439124
107439143
107439155
107439156
107439160
107439186
107439195
107439218
107439224
107439231
107439259
107439260
107439374
107439418
107439441
107439443
107439464
107439465
107439479
107439523
107439588
107439591
107439603
107439606
107439651
107439654
107439656
107439711
107439727
107439766
107439829
107439831
107439843
107439849
107439875
107439886
107439891
107439900
107439919
107439932
107439934
107439964
107439982
107440070
107440071
107440072
107440074
107440093
107440111
107440123
107440124
107440149
107440188
107440204
107440209
107440265
107440287
107440314
107440318
107440320
107440321
107440399
107440401
107440411
107440432
107440438
107440442
107440473
107440482
107440489
107440505
107440527
107440528
107440556
107440563
107440570
107440586
107440655
107440668
107440676
107440678
107440685
107440693
107440728
107440758
107440765
107440772
107440775
107440806
107440833
107440863
107440882
107440905
107440906
107440956
107440963
107440988
107440992
107440996
107441030
107441087
107441097
107441099
107441139
107441182
107441194
107441195
107441200
107441204
107441205
107441254
107441267
107441273
107441278
107441349
107441384
107441409
107441431
107441433
107441438
107441439
107441460
107441462
107441481
107441492
107441512
107441521
107441525
107441528
107441538
107441540
107441573
107441618
107441659
107441691
107441692
107441694
107441739
107441752
107441770
107441834
107441868
107441931
107441942
107441955
107441975
107441992
107441996
107441997
107441998
107442002
107442017
107442040
107442046
107442050
107442081
107442086
107442107
107442131
107442132
107442145
107442147
107442179
107442183
107442197
107442199
107442220
107442229
107442231
107442233
107442254
107442266
107442272
107442282
107442290
107442308
107442310
107442359
107442369
107442387
107442390
107442400
107442402
107442406
107442424
107442446
107442449
107442514
107442523
107442525
107442531
107442565
107442569
107442595
107442610
107442644
107442665
107442671
107442673
107442677
107442742
107442784
107442832
107442863
107442865
107442880
107442882
107442888
107442897
107442957
107442958
107442985
107443016
107443035
107443042
107443061
107443063
107443071
107443114
107443155
107443181
107443203
107443221
107443227
107443232
107443239
107443251
107443269
107443271
107443272
107443281
107443336
107443340
107443346
107443363
107443373
107443462
107443484
107443493
107443498
107443577
107443581
107443583
107443584
107443620
107443625
107443627
107443628
107443662
107443684
107443692
107443703
107443731
107443801
107443805
107443819
107443828
107443829
107443881
107443896
107443930
107443955
107443974
107443996
107444043
107444044
107444046
107444053
107444057
107444059
107444083
107444086
107444116
107444155
107444183
107444186
107444205
107444215
107444228
107444230
107444232
107444282
107444284
107444336
107444337
107444361
107444385
107444393
107444488
107444531
107444549
107444662
107444705
107444720
107444724
107444734
107444750
107444862
107444869
107444888
107444907
107444951
107444993
107445026
107445036
107445052
107445062
107445070
107445072
107445079
107445117
107445141
107445143
107445159
107445190
107445207
107445251
107445252
107445255
107445332
107445363
107445388
107445402
107445412
107445441
107445462
107445466
107445477
107445484
107445520
107445521
107445525
107445529
107445540
107445635
107445648
107445649
107445655
107445672
107445688
107445722
107445724
107445775
107445793
107445908
107445943
107446061
107446074
107446081
107446087
107446090
107446093
107446119
107446186
107446188
107446217
107446218
107446260
107446292
107446294
107446305
107446307
107446315
107446319
107446354
107446426
107446452
107446453
107446536
107446551
107446558
107446570
107446670
107446679
107446697
107446698
107446744
107446755
107446783
107446798
107446815
107446853
107446892
107446902
107446930
107447004
107447008
107447013
107447014
107447020
107447027
107447032
107447033
107447083
107447156
107447175
107447217
107447227
107447235
107447241
107447242
107447268
107447326
107447328
107447381
107447384
107447387
107447410
107447426
107447455
107447456
107447475
107447479
107447490
107447524
107447556
107447557
107447570
107447572
107447589
107447594
107447618
107447655
107447658
107447671
107447699
107447702
107447703
107447709
107447737
107447755
107447757
107447772
107447788
107447793
107447795
107447826
107447850
107447870
107447882
107447929
107447937
107447974
107448010
107448032
107448055
107448099
107448111
107448147
107448152
107448153
107448169
107448205
107448208
107448209
107448230
107448232
107448264
107448298
107448316
107448319
107448329
107448333
107448346
107448364
107448373
107448419
107448432
107448447
107448454
107448479
107448506
107448527
107448528
107448571
107448574
107448615
107448625
107448632
107448633
107448637
107448668
107448683
107448691
107448693
107448738
107448791
107448792
107448798
107448813
107448828
107448831
107448856
107448861
107448877
107448894
107448903
107448909
107448937
107448949
107448953
107448969
107448971
107449017
107449079
107449100
107449105
107449106
107449107
107449120
107449146
107449157
107449168
107449194
107449195
107449249
107449257
107449281
107449355
107449369
107449388
107449516
107449525
107449551
107449562
107449563
107449603
107449608
107449626
107449627
107449631
107449644
107449650
107449689
107449706
107449708
107449728
107449733
107449738
107449745
107449750
107449779
107449810
107449872
107449895
107449912
107449917
107449946
107449951
107449952
107449992
107450003
107450007
107450028
107450056
107450060
107450099
107450122
107450189
107450195
107450229
107450230
107450272
107450274
107450289
107450290
107450295
107450305
107450306
107450319
107450412
107450413
107450476
107450485
107450493
107450497
107450522
107450534
107450550
107450564
107450578
107450633
107450644
107450645
107450647
107450648
107450730
107450746
107450785
107450832
107450893
107450907
107450942
107450977
107451036
107451071
107451101
107451105
107451108
107451137
107451144
107451165
107451195
107451209
107451213
107451216
107451235
107451245
107451280
107451283
107451307
107451313
107451340
107451345
107451428
107451448
107451466
107451469
107451490
107451497
107451546
107451554
107451572
107451621
107451674
107451678
107451735
107451736
107451773
107451787
107451798
107451807
107451871
107451874
107451896
107451897
107451911
107451968
107451981
107451986
107451989
107451993
107452013
107452046
107452049
107452084
107452087
107452097
107452099
107452103
107452121
107452125
107452133
107452137
107452199
107452200
107452203
107452212
107452221
107452251
107452292
107452294
107452314
107452321
107452354
107452358
107452365
107452452
107452457
107452470
107452515
107452529
107452541
107452555
107452582
107452585
107452612
107452654
107452656
107452659
107452694
107452696
107452708
107452728
107452750
107452816
107452819
107452831
107452836
107452839
107452851
107452889
107452892
107452900
107452908
107452913
107452995
107453006
107453044
107453059
107453081
107453126
107453151
107453161
107453177
107453219
107453220
107453226
107453299
107453310
107453315
107453322
107453327
107453373
107453385
107453394
107453415
107453462
107453472
107453494
107453500
107453502
107453506
107453507
107453524
107453578
107453595
107453613
107453633
107453647
107453655
107453665
107453681
107453692
107453718
107453749
107453778
107453784
107453792
107453795
107453804
107453809
107453812
107453814
107453822
107453824
107453844
107453853
107453900
107453909
107453910
107453974
107453992
107454010
107454022
107454029
107454035
107454037
107454050
107454054
107454082
107454085
107454109
107454111
107454134
107454143
107454158
107454181
107454192
107454216
107454241
107454245
107454289
107454315
107454317
107454330
107454342
107454352
107454368
107454375
107454393
107454418
107454459
107454488
107454498
107454504
107454505
107454510
107454578
107454597
107454609
107454618
107454650
107454662
107454694
107454697
107454733
107454734
107454737
107454749
107454750
107454756
107454757
107454789
107454815
107454837
107454903
107454928
107454933
107454945
107454965
107454967
107454988
107455006
107455010
107455014
107455019
107455035
107455077
107455080
107455086
107455087
107455106
107455120
107455123
107455134
107455152
107455162
107455179
107455185
107455188
107455215
107455221
107455227
107455246
107455283
107455314
107455322
107455347
107455349
107455362
107455373
107455396
107455418
107455431
107455434
107455476
107455529
107455549
107455559
107455562
107455566
107455576
107455578
107455579
107455597
107455616
107455628
107455631
107455648
107455707
107455745
107455762
107455792
107455797
107455800
107455807
107455828
107455841
107455848
107455868
107455889
107455896
107455920
107455933
107455935
107455937
107455944
107455988
107455990
107455995
107455996
107456020
107456063
107456112
107456139
107456148
107456224
107456238
107456252
107456267
107456287
107456293
107456320
107456355
107456398
107456425
107456440
107456451
107456458
107456491
107456499
107456502
107456506
107456512
107456517
107456552
107456557
107456562
107456583
107456619
107456625
107456691
107456708
107456727
107456780
107456809
107456824
107456843
107456870
107456876
107456877
107456886
107456903
107456926
107456927
107456940
107456962
107457001
107457014
107457027
107457029
107457045
107457063
107457065
107457068
107457098
107457105
107457136
107457158
107457161
107457165
107457167
107457168
107457174
107457184
107457202
107457208
107457255
107457257
107457264
107457310
107457320
107457339
107457344
107457352
107457382
107457438
107457448
107457460
107457467
107457474
107457551
107457554
110281902
110282123
110282127
110282956
110283103
110283119
110283246
122268219
122268362
122268389
122268887
122268998
122269070
122269110
122269282
122269319
122269720
122270279
122270635
122270688
122270952
122271094
122271367
122272154
122272156
122272598
122273063
139424815
139424922
139425008
139425800
139425831
139425856
139427122
hry
NO_HIT
RYB
