107436493
107436644
107436686
107437282
107437457
107437481
107437589
107437643
107437685
107437810
107437921
107438052
107438080
107438117
107438163
107438554
107438758
107439003
107439021
107439126
107439167
107439181
107439195
107439301
107439562
107439667
107439728
107439806
107440307
107440678
107440695
107440727
107440928
107441087
107441433
107441727
107441868
107441928
107442437
107442447
107442473
107442821
107443005
107443042
107443582
107443687
107443753
107443757
107443799
107444193
107444361
107444515
107444540
107444589
107444912
107445019
107445218
107445309
107445393
107446071
107446081
107446184
107446185
107446305
107447141
107447161
107447235
107447390
107447404
107447429
107447578
107447631
107447667
107447690
107447870
107447956
107448065
107448371
107448569
107448625
107448644
107448880
107449143
107449400
107449838
107450013
107450063
107450237
107450274
107450300
107450399
107450400
107450754
107450779
107450948
107451349
107451381
107451423
107451428
107451551
107451671
107451897
107451909
107451981
107452044
107452475
107452621
107452659
107452884
107452917
107453044
107453149
107453302
107453494
107453525
107453685
107453718
107453875
107454200
107454584
107454694
107454710
107454923
107455165
107455322
107455389
107455422
107455632
107455658
107455693
107455707
107455730
107455785
107455818
107455895
107456020
107456167
107456350
107456351
107456358
107456777
107457015
107457305
122268887
139424794
139425699