107436095
107436105
107436238
107436493
107436501
107436525
107436534
107436542
107436591
107436644
107436659
107436661
107436686
107436759
107436948
107437076
107437202
107437282
107437314
107437403
107437457
107437481
107437589
107437605
107437643
107437685
107437722
107437723
107437746
107437753
107437810
107437815
107437861
107437876
107437881
107437886
107437891
107437921
107437960
107438008
107438035
107438052
107438058
107438080
107438085
107438117
107438129
107438163
107438182
107438185
107438245
107438279
107438447
107438509
107438554
107438565
107438605
107438644
107438679
107438758
107438841
107438877
107438921
107438935
107438994
107439003
107439006
107439021
107439067
107439126
107439167
107439181
107439195
107439235
107439276
107439301
107439443
107439464
107439471
107439479
107439562
107439563
107439588
107439618
107439667
107439679
107439727
107439728
107439762
107439806
107439893
107440016
107440020
107440072
107440073
107440074
107440093
107440109
107440110
107440265
107440307
107440338
107440436
107440469
107440488
107440513
107440620
107440641
107440651
107440678
107440695
107440727
107440775
107440873
107440928
107440941
107441087
107441094
107441166
107441191
107441230
107441331
107441393
107441433
107441522
107441573
107441665
107441724
107441727
107441752
107441834
107441868
107441928
107441981
107441986
107441996
107442002
107442023
107442040
107442113
107442179
107442220
107442275
107442388
107442403
107442437
107442447
107442473
107442514
107442523
107442525
107442529
107442644
107442667
107442673
107442685
107442774
107442785
107442821
107443005
107443017
107443042
107443043
107443054
107443061
107443070
107443071
107443155
107443221
107443239
107443251
107443269
107443478
107443504
107443540
107443582
107443588
107443595
107443687
107443731
107443753
107443756
107443757
107443799
107443806
107443807
107443891
107444053
107444116
107444164
107444190
107444193
107444258
107444361
107444435
107444492
107444515
107444540
107444589
107444651
107444724
107444734
107444837
107444888
107444911
107444912
107444951
107444973
107445019
107445132
107445141
107445150
107445218
107445309
107445363
107445393
107445518
107445519
107445672
107445688
107445905
107445908
107445944
107445965
107445992
107446031
107446033
107446071
107446074
107446081
107446091
107446093
107446184
107446185
107446305
107446406
107446426
107446460
107446477
107446593
107446605
107446659
107446747
107446755
107446780
107446794
107447013
107447014
107447017
107447122
107447141
107447147
107447161
107447217
107447235
107447251
107447385
107447390
107447404
107447426
107447429
107447479
107447578
107447618
107447628
107447631
107447638
107447654
107447667
107447690
107447691
107447772
107447826
107447834
107447870
107447956
107448002
107448065
107448191
107448329
107448371
107448407
107448501
107448569
107448614
107448625
107448644
107448748
107448788
107448791
107448880
107448905
107448959
107449060
107449143
107449369
107449388
107449400
107449449
107449500
107449551
107449585
107449631
107449682
107449708
107449750
107449779
107449838
107449850
107449901
107450013
107450063
107450156
107450237
107450274
107450300
107450385
107450399
107450400
107450413
107450493
107450601
107450690
107450754
107450779
107450897
107450942
107450948
107450971
107450999
107451036
107451043
107451195
107451209
107451216
107451236
107451246
107451282
107451345
107451349
107451381
107451409
107451423
107451428
107451440
107451492
107451548
107451551
107451611
107451671
107451773
107451897
107451909
107451914
107451981
107451993
107452044
107452046
107452103
107452245
107452314
107452315
107452353
107452475
107452529
107452543
107452591
107452621
107452659
107452693
107452694
107452753
107452836
107452840
107452851
107452884
107452917
107452962
107453044
107453059
107453126
107453149
107453249
107453302
107453484
107453494
107453500
107453509
107453525
107453608
107453685
107453718
107453732
107453761
107453807
107453824
107453854
107453875
107454021
107454128
107454170
107454200
107454216
107454288
107454333
107454368
107454578
107454584
107454607
107454614
107454694
107454710
107454923
107454967
107454988
107455017
107455134
107455144
107455162
107455165
107455173
107455179
107455191
107455211
107455215
107455246
107455249
107455259
107455283
107455313
107455322
107455389
107455418
107455422
107455469
107455551
107455631
107455632
107455658
107455693
107455707
107455730
107455740
107455785
107455793
107455817
107455818
107455837
107455895
107455935
107455976
107456020
107456063
107456148
107456160
107456167
107456179
107456184
107456293
107456297
107456350
107456351
107456355
107456358
107456412
107456421
107456440
107456499
107456529
107456531
107456641
107456668
107456691
107456777
107456780
107456859
107456926
107456927
107456958
107457015
107457029
107457098
107457105
107457122
107457165
107457184
107457202
107457248
107457292
107457305
107457320
107457339
107457352
107457467
107457520
110282216
110283034
122268887
122272154
122273073
139424794
139425699
139427122