107448944
107450831
107450099
107440284
107450116
122270635
107438323
107441096
107441379
107443371
107456718
107442524
107445760
107454401
107453686
107453466
107452291
107441365
107448918
107447633
107453693
107455732
107450979
107448049
107447212
139425824
107456491
107445800
107453564
107451548
107448854
107443137
107442089
107454336
107438965
107455199
107451492
107450003
107439301
139425388
107442253
107455964
107439102
107439564
107441828
107445161
107453685
107455231
107442959
107440118
107456186
107436981
107443185
107455797
107457520
107439333
107448640
107446189
107451984
107436740
107444091
107443047
107457248
110281924
107439919
107454494
107451139
107457305
107447543
107438509
107456969
107455025
107440075
107442957
107444515
107436088
107438139
107440450
107443827
107444089
107443588
107438152
107441278
107441537
107440432
107453328
107448099
107437549
107455938
107455926
107439479
107436851
107444763
107441521
107454334
107439030
107454582
107454164
107445062
107445470
107452629
139424801
107456277
107448103
107445676
107437372
107438182
107454727
107451040
107445002
107447164
107445011
107438715
107442767
107446815
107446895
107451213
107436102
107436476
107436481
107441996
107446084
107454091
107441834
107441785
107444837
107441647
107446712
107441631
107453973
107437781
122271002
107437535
107456829
107455912
107437479
107439790
107447774
107450413
107450387
107455384
107453316
107448402
107451705
107440983
107451316
107439521
107446411
107455855
107450228
107444283
107449326
107444464
107453864
107448454
107440918
107454666
107438723
107453029
107451868
107453627
107448529
107453577
107455221
107455389
107451014
107457277
107444178
107449729
107437086
107447024
107450593
107443479
107443408
107441981
107453506
107455170
107450785
107456490
107448032
107444181
107453597
107455755
107445655
107436129
107447772
107451815
107442659
107450534
107454368
107455086
107443017
107456691
107446889
107443109
107440581
107455385
107442827
107438428
107448242
107440093
107443396
107450480
107444189
107453752
107452285
107437881
107446557
107438427
107437782
107457370
107438213
107443939
110283031
107439639
107447921
107440940
107447699
107436203
107444292
107438548
107455004
107438703
107452251
107453803
107447648
107442531
107451572
107449854
107450815
107453184
107449632
107437450
107455920
