107453112
107453844
107447118
107453807
107451879
107438323
107452002
107438370
107457554
107437076
107441768
107453690
107457530
107445190
107443320
107454082
107440359
107455185
107436096
107456962
107456562
107445434
107455190
107447287
107436423
107450826
107452714
107448174
107443728
107454345
107444347
107453681
107437525
107449921
107445631
107437451
107452404
107455563
107452851
107438640
107447391
107446391
107443264
107436109
107438326
107443078
110282188
107448228
107437366
107455231
110282185
107438609
107441830
107445744
107444619
107454242
107453700
107442925
107442907
107451484
107454138
107445388
107456819
107457204
107436322
107457357
107454549
107449689
107446071
107444234
107448423
107440746
107437882
107444050
107453250
107438125
107437395
107443794
107443827
107440616
107451016
107439380
107455938
107455338
107438512
107439993
107447202
107445159
107436522
107438184
107449011
107446423
107446309
107454426
107454569
107451040
107446372
107441099
107455278
107437034
107455882
107456785
107446238
107443175
107452279
107446895
107443374
107447575
107437788
107454988
110282123
107450715
107451967
107441235
107436481
107436201
107440839
107446754
107441785
107446835
107446712
107441631
107438639
107439288
107455427
107450942
107439156
107456297
107451257
107447539
107455802
107439005
107437087
107441113
107451802
107445517
107447425
107443959
107442397
107450459
107450117
107437331
107446062
107436699
107446568
107440285
107449937
107442412
107445935
107448792
107443547
107444237
107447985
107439121
107449079
107438764
107444869
107453864
107438424
107438671
107442742
107437414
107454666
107440772
107456537
107445451
107441456
107438798
107448656
107451161
107443981
107457575
107439343
107452361
107449675
107456443
107452997
107438848
107438972
107455601
107436144
107445219
107443386
107440204
107445966
107457302
107448659
107439435
107437509
107438002
107454273
107456677
107453030
107443079
107440016
107445677
107448856
107451787
107450370
107443583
107440076
107442863
107437217
107453597
107441512
107437865
107457291
107437363
107457468
107446657
107448893
107449875
107445779
107455297
107439705
107448909
107442782
107445326
107439239
107439106
107457562
107448265
107451872
107449296
107440507
107442084
107450525
107447004
107449626
107446667
107436271
122268204
107436464
107440592
107452087
107454317
107451554
107444792
107440586
107454553
107440587
107448780
107453253
107452083
107438555
107451820
107457367
107438683
107436412
107438257
107441869
107444218
107446511
107439243
107451157
107443550
107444540
139425936
122272598
107445289
107454229
107449854
107448645
107436403
107456267
107441528
107456426
107455182
107456638
107438597
107449412
122268389
107437176
107440915
107444744
107445248
107443088
107442734
107450310
107456233
107450944
107454686
107437253
107454103
107440358
107454840
107452133
107452878
107443806
107436516
107448713
107442394
107452300
107437884
107441474
107454479
107456033
107442481
107454168
107457065
107443209
139427022
107445197
107446354
122268235
107447224
107455388
107443600
107436659
107450866
107437904
107447410
107449105
107448937
107443628
122268385
107444362
107455359
107447399
107437027
107446512
107452281
107442443
107451340
107442208
107439505
107455014
107456021
107451531
107449585
107444855
107455786
107452032
107449310
107445944
107448788
107450591
107443723
107437069
107454355
107445141
107438509
107441739
107441036
107440878
107441418
107445938
107456748
107451174
107440527
107446883
107453837
107452729
107456940
107453447
107437612
107443655
107441438
107441278
107438297
107443846
107451243
107455614
107439030
107450259
107452629
107443043
107446029
107440444
107456066
107442400
107454716
107454526
107448373
107452236
107442880
107442755
107437403
107437486
107444532
107454465
107446815
107449293
107444282
107444893
107455841
107452049
107450485
107453647
107444488
107438928
107450247
107453436
107449149
107449525
107448562
107440996
107447709
107439613
107452119
107445777
107455747
107439074
107453887
107452084
107444597
107439595
107449138
107439472
107450716
107441251
107444397
107455157
107456427
107451242
107444621
107439514
107451194
107452313
107455855
107441195
107444283
107442565
107451642
107446124
107449067
107440441
107457543
107453826
107457274
107445108
107445486
107443915
107444428
107453591
107455942
107441492
107444951
107452733
107439244
107457369
107452944
107453627
107441577
107448372
107453286
107439937
107436591
107455083
107450891
107449545
122268299
107447626
107452543
107456764
107448768
107454659
107442985
107456355
107438906
107456735
107453452
107441283
107454882
107449018
107441981
107450861
107450011
107451432
107456653
107440943
107445828
107437001
107449731
107447772
107446292
107437705
107453763
107441665
107440734
107451443
107448278
107445877
107439029
107457208
107453692
107455216
107443802
107445364
107439489
107442720
107442992
107444990
107452911
107446889
107452822
122270820
107446758
107447524
107446881
107445564
107441372
107436562
107441815
107436365
107449249
107436710
107456863
107454062
107448973
107436653
107440209
107440268
107442698
107447097
107443406
122269915
107454538
107436203
107445960
107454749
107448061
107446611
107455004
122270288
107439855
107444687
107453484
107457025
107439800
107438271
107446217
107448170
107446686
107442600
107453087
107447819
107442068
107447511
107443955
107456411
107448308
107447804
107449632
107444939
107439441
107454197
107450327
107439191
107452847
107442088
107446884
107444235
107450487
107456293
107445477
107454946
107455590
107446409
107441365
107437238
107438822
107455529
107449171
107454592
107450105
107452626
107440346
107456410
107452174
107442514
107446008
107455889
107441735
122268290
107436678
107449810
122270010
107449695
107437240
107440228
107438055
107441199
107437128
107448649
122270812
107438123
107442288
107439873
107439759
107438171
107457399
107437214
107438026
107452295
107450189
107451404
107455944
107439163
107443686
107454504
107448442
107438181
107443267
107449089
107450896
107452446
107446760
107451833
107456619
107446189
107436740
107450904
107452753
107438264
107457060
107439148
122268243
107453367
122270204
107451746
107447543
107439728
107437434
107450530
107451338
107443587
107440130
107448738
107436120
107451988
107455109
107444549
110282007
107439399
107448314
107453016
107439633
107456945
107447556
107453328
107448467
107453751
107436899
107452831
107441798
107446700
107445470
107456545
107439001
107445676
107456833
107451405
107441564
107454643
107450421
122268228
107456296
107455828
107441229
107451345
107446698
107438715
107445905
107452451
107451213
107440692
107451723
107437701
107436523
107437359
107451990
107445488
107444979
107444837
107444361
107443813
107454413
110283246
107453973
107447064
107448011
107443736
107454695
107440288
107444168
107449392
107437743
107447557
107444788
107446973
107438029
107444725
107456554
107442283
107441101
107453172
107441423
107446396
107454152
107440784
107454584
107441445
107449964
107442040
107456217
107436566
107451497
107449168
107441854
107455566
107445519
107447257
107456522
107436991
107448437
107444732
107444000
107443256
107436487
107441952
107440671
107441820
107454163
107449946
107436101
107438017
107442500
107444720
107456814
107448624
107439044
107457491
107446460
107446838
107451378
107438477
107456071
107455873
107448797
107442904
107437778
107437405
107455170
107456490
107455476
107448250
107456506
107437530
107452085
107454085
107437092
107441273
107437475
107456534
107441444
122269720
107442492
107442673
107443017
107452528
107450838
107437047
107451407
107443109
107437191
107453696
107443096
107450143
107439933
107438303
107438971
107441968
107440608
107449559
107438727
107444189
107448763
107456115
107452203
107447821
107457549
107455593
107452288
107443097
107445948
107440082
107437917
107442424
107448970
107455017
107453164
107447221
107446122
107440488
107438548
107438935
107439071
107444190
107446356
107453276
107440562
107454031
107455662
107436247
107446172
110282384
107445207
107437113
107447378
107450099
107456307
107446827
107437830
107454650
107442986
107446917
107439064
107455611
107452291
107443484
107455840
107449890
107454143
107448491
107447212
107449566
107448857
107452586
107445052
107437624
107443702
107446476
107453564
107445679
107446595
107441272
107445503
107437906
107448701
107447084
107444885
107442662
107446929
107455199
107450906
107452840
107451530
107456348
107441575
107441373
107444900
107449281
107438574
107441669
107436183
107453548
107438601
107450301
107445920
107445354
139426453
107452366
107456941
107440013
107451619
107454171
107457576
107443185
107452564
107441666
107443312
107452302
107451028
107438843
107455069
107441989
107454713
107445189
107442083
107438487
107453846
107453142
107436677
107439919
107442633
107442086
107444631
107457466
107437703
107450206
107440075
107436964
107451611
107438534
107455180
107440117
122268998
107438750
107437598
107440403
107440867
107448822
107457429
107439461
107448533
107443301
107454164
107449634
107442390
107444116
107454107
107453756
107442489
107438398
107455941
107437569
107436396
107453531
107440534
107436389
107450285
107455635
107446592
107444183
107447888
107452265
107437511
107448062
107448776
107447704
107454971
107455990
107442774
107437781
107448612
107446090
107454558
107439344
107451788
107451403
107455800
107456636
107442486
107457284
107437988
107448331
107439186
107453773
107457301
107453316
107451705
107451830
107451489
107451669
107448487
107436357
107448885
107441995
107437288
107445682
107443611
107442362
107436950
107444033
107453731
107441415
107440555
107452778
107454338
107436479
107454653
110282956
107455325
107455134
107444284
107437396
107437122
107439463
107453029
107442820
107455006
107457155
107444748
107452147
107443363
107457091
107438129
107436987
107439219
107446833
107450357
107446078
107440489
107450425
107456116
107439120
107441232
107439887
107452360
107447357
107454104
107443495
107444442
107444319
107438013
107447956
107451679
107443698
107436313
107443620
122270279
107437257
107457474
107451687
107453503
107450415
107447703
107442637
107451153
107447973
107451473
107442129
110282931
107451246
107445634
107446257
107450970
107436221
107436684
107438933
107451108
107446220
107446925
107457524
107438875
107438995
107446123
107455539
107456691
107444215
107453541
107451617
107436913
107446550
107445799
107442914
107452555
107440725
107444557
107437994
107453935
107445532
107443396
107448326
107444155
107443782
107447983
107452046
107452768
107447336
107449383
107453249
107440590
107455768
107452758
107442171
107443093
107443156
107448637
107448412
107437350
107451463
107441817
107448168
107444186
107455646
107442479
107443116
107455077
107450879
107454216
107453184
107448528
107448641
107437607
107453324
107448335
107436925
107449956
107456179
107455560
107446834
107456813
107450831
107455805
122270635
107446526
107452891
107440320
107449763
107453425
107453686
107447215
107446218
107454248
107449443
107453055
107450477
107453767
107438292
107443067
107444999
107438855
107442711
107451758
107441353
107439212
107451105
107446198
107457029
107436321
107446346
107446023
107442747
107436953
107444546
107443627
107444430
107436539
107451717
107457098
107444928
107449679
107442921
107449985
107437787
107447121
110282665
107438962
107440936
107447448
107436548
107454205
107448262
107448313
107454824
107448898
107438452
107449658
107445513
107440071
107445826
107444337
107437913
107442067
107451519
107438786
107440896
107449624
107447463
107454963
107453408
107455162
107443585
107455025
107436888
107450104
107445720
107438104
107443892
107443649
107450245
107457316
107453266
107442737
107456256
107446867
107449981
107437972
107455997
107438744
107447158
107443588
107448389
107446745
107439917
107449515
107446608
107442674
107437549
107447085
107439533
107439479
107456309
107448618
107439235
107441678
107437752
107443662
107437430
107452398
107449528
107444644
107441822
107443607
107457529
107449411
107456351
107452355
107455737
107437724
107452321
107452975
107455720
107452252
107447181
107436911
107446357
107443151
107455556
107446084
107453299
107443637
107454158
107457551
107449329
107455628
107439063
107447531
107454539
107437956
107436284
107456829
107457308
107436231
107450413
107446924
139426419
107441188
107442853
107455739
107440983
107447991
107437413
107451713
107436294
107444448
107454170
107442097
107454405
107444462
107450013
107436394
107441007
107451421
107450077
107438731
107444464
107444074
107451884
107439859
107454644
107457234
107439911
122268945
107436420
107453197
107437503
107444620
107453757
107455357
107454617
107446319
107448698
107440906
107446998
107448010
107455822
107447369
107455776
107455112
107456517
107450481
107439393
107438318
107441576
107452931
107443804
107456887
107448539
107446406
107437718
107450865
107452936
107441644
107457354
107448048
107440317
107454314
122271722
107437810
107436148
107452059
107438024
107446559
107453674
107448371
107455003
107443985
107443766
107443707
107442402
107450860
107457361
107437843
107452417
107438693
107439245
107438277
107440093
107450179
107443982
107454173
107443986
107438062
107448225
107450570
139426092
107449476
107454525
107455579
110283031
107436615
107455188
107447806
107452728
107445478
107438872
107441376
107451897
107457451
107443749
107455020
107451567
107442890
107454970
107436489
107444358
107456733
107454724
107437147
107442229
107438164
107448044
122268256
107452658
107445861
107447237
107437712
107456811
107448091
107457177
107455363
107448834
107455715
107446699
107457320
107450617
107450000
107455227
107453621
107449915
107449552
107452536
107437286
107452315
107442865
107443665
107456851
107447746
107446684
107443269
107455423
107439654
107454902
107456401
107436587
107448457
107436095
107436318
107445800
107455750
107455179
107451250
107436524
107451341
107437853
107439588
107451871
107448691
107448804
107450028
107451442
107450003
107450304
107437864
107439168
139425388
107448210
107442444
107452007
107439745
107455685
107438358
107449691
107439528
107439432
107440436
107455784
107457202
107444385
107456548
107457068
107439012
107456614
107436759
107437044
107454852
107440142
107440210
107454330
107438413
107450289
107456969
107442211
107441992
107437977
107452981
107436088
107444205
107446965
107439791
107438994
107454657
107456986
107456435
107441016
107453873
107448807
107439891
107451069
107452902
107445618
107450468
107448801
107451476
107446790
107447868
107436197
107442125
107451668
107451235
107439443
107453162
107445163
107447284
107443502
107451577
107454045
107439070
107436332
107455324
139427285
107440266
107437000
107454203
107453330
107439206
107439842
107450240
107449321
107454091
107447595
107438605
107445450
107449904
107436306
107451495
107445290
107449906
107456618
107440267
107457197
107436233
107441990
107447036
107450986
107452718
107448209
107448236
107436542
107447120
107442147
107454148
107442226
107454894
107451140
107440321
107451966
107444565
107442641
107449326
107437127
107436643
107447014
107440491
107454660
107436567
107447953
107440958
107446555
107447038
107450367
107451986
107457184
107441331
107440745
107457181
107454110
107449706
107443082
107449449
107456298
107457134
107445648
107436356
107451991
107444178
107439241
107449729
107440147
107436765
107443496
107443681
107443896
107439624
107456236
107452142
107446381
107454823
107450708
107439895
107456557
107451440
107436701
107437488
107448572
107454410
107442255
107455137
107443752
107451034
107439661
107436978
107456079
107446188
107445409
107454343
107452656
107442225
107437290
107440833
107457319
107449814
107456694
107439364
107454402
107454808
107447770
107442659
107446636
107438767
107438443
107437776
107448329
107436329
107452649
107441823
107443857
107441285
107445611
107437588
107447629
107451049
107444313
107439947
107445152
107453992
107440965
107444945
107453812
107441618
107446271
107441700
107453950
107443506
107456543
107440379
107441696
107437638
107453513
107437622
107443945
107443731
107444618
107454934
107440740
107446053
107457133
107446697
107438282
107443265
107447755
107442194
107452661
107437772
107448813
107448053
107436137
107454290
107438451
107446747
107453373
107452402
107440284
107445624
107449839
107436163
107443371
107446933
107441988
107445407
107447584
107442739
107445253
107442266
107449999
107440762
107443254
107444952
107447381
107446034
139425824
107455211
107451314
107451448
107445309
107453611
107443137
107438793
107440468
107436181
107446640
107439301
107440571
107457303
107450864
107440573
107456849
107450852
107437386
107445323
107436538
107453910
107441788
107455226
107450406
107440561
107448158
107443470
107443290
107441431
107436343
107442882
107436951
107439087
107453405
107436189
107440265
107450862
107441254
107455637
107447830
107448616
107440008
107450832
122268887
107451203
107450949
107455911
107455224
107451266
107455968
107449780
107438745
107451036
122272154
107442012
107441734
107442957
107449733
107438265
107444515
107455562
107445986
107454524
107452906
107440086
107440834
107439651
107455369
107445507
107439563
107454837
107447989
107457398
107436304
107452742
107455858
122270897
107446631
107441967
107457321
107436683
107453886
107441540
107437377
107456919
107436342
107457310
107456162
107454084
107456494
122270190
107456773
107450140
122272156
107449743
107445859
107449033
107451195
107444950
107439175
107455418
107456559
107439155
107456287
107447955
107453044
107436544
107449917
107442829
107438861
107440563
107455106
107438799
107443181
107442218
107440206
107442826
107442220
107450697
107449771
107439338
107442388
107445149
107437215
107445432
107439790
107457188
107443021
107452828
107438043
107449439
107439009
107448402
107436081
107444151
107439916
107444066
107451020
107439521
107450529
107449655
107438285
107453040
107438981
107440205
107447570
107450580
107453907
107447867
107439934
107448773
107451025
107455426
107443299
107451216
107445527
107452401
107452570
107452121
107447788
107438723
110283197
107442643
107448453
107445930
107446962
107451868
107440625
107439823
107437072
107455221
107455826
107439717
107444053
107451912
107437006
107449327
107439743
107444246
107454875
107441701
107453287
107445680
107451981
107457382
107439362
107453619
107448032
107450643
107443895
110281921
107451376
107445918
107456902
107443535
122268398
107452655
107456200
107446425
107447671
107448849
107447546
107439694
107455385
107455856
107438853
107451380
107438997
107436687
107446816
107439851
107436996
107436724
107449388
107452285
107438061
107437550
107453760
107455599
107457007
107450491
107437154
107449438
107450718
122271919
107454573
107439715
107455178
107439336
107437769
107456861
107443194
107443801
107436746
107446091
107455578
107448728
107448232
107444745
107447490
107451808
107447152
107453469
107444043
107439416
107446070
107448398
110282899
107441861
107440484
107454462
107446737
107448527
107449323
107444400
107445177
107441379
107454282
107449410
107442524
107445639
107454401
107438177
107440693
107446679
107437210
107436131
107450379
107449234
107447810
107437360
107446916
107450979
107456504
107452365
107447650
107448614
107457168
107449110
107448854
107438302
107439860
107450118
107452735
107438679
107455648
107439810
107451492
107457559
107444724
107442313
107442179
107442253
107455215
107455066
107440318
107441828
107453685
107456361
107448182
107452137
107450824
107450293
107452140
107456611
107440675
107455848
107444387
107453853
107440065
107450460
107438588
107447385
107454292
107443050
107455690
107447748
107440930
107447384
107444091
107448619
107457295
122270634
107455878
107438628
107449711
107442183
107457318
107446710
107452491
107448510
107454815
107443540
107436290
107445521
107436656
107442577
107438737
107456218
107449979
107453765
107451236
107451708
107444042
107454991
107441296
107447668
107450248
107449668
107454427
107452176
107444089
107452101
107449019
107440432
107455152
107445985
107443295
107454334
107437425
107455347
107454582
107439788
107442231
107445062
107452696
107447589
107441230
107439520
107456549
107453813
107456352
107455657
107447248
107455597
107437056
107449630
107449650
107453576
107450943
107444193
107447617
107453051
107447405
122269727
107437303
107457264
107456455
107447591
107446033
107450486
107437945
107456302
107441248
107450317
107449521
107440749
107453132
107439612
107443715
107449459
107451721
107455793
107440644
107443805
107442072
107438867
107440413
107442960
107441858
107449640
107450128
107438007
107453524
107448536
107457067
107452179
107453754
107449297
107453792
107437009
107452195
107444249
107446946
107455574
107443488
107448791
107436732
107456688
107447813
107453476
107444802
107449648
107441775
107441910
107441525
107443112
107438211
107453658
107441867
107440985
107456928
107457045
107456960
107452734
107444216
107457054
107450851
107440738
107438425
107455538
110283103
107456865
107449304
107453220
107444741
107437559
107447736
107454958
107444750
107437353
107450785
107455001
107440529
107456959
107442325
107455755
107443337
107441691
107438486
107440804
107441190
107453624
107443847
107437891
107440449
107440401
107450534
107448814
107457448
107457567
110283279
107450009
107445402
107448737
107444492
107442359
107436330
107447479
107456075
107457119
107451855
107438654
107438926
107449795
107442610
107454762
107447653
107447460
107445692
107452702
107440557
107443775
107440516
107454101
107453971
107444285
107456927
107446402
107454093
107446708
107448055
107446721
107455791
107456870
107449014
107444292
107455318
107449603
107456825
107437470
107448319
107438756
107453803
107449146
107447850
107442626
107456650
107450815
107439587
107444628
107442644
107439763
107443086
107448506
107448944
107445661
107451491
107442488
107452199
107436838
107440739
107448631
107437526
122273063
107439638
107456421
107455435
107456551
107444944
107454204
107448407
107443327
107439529
107439007
107441201
107449343
107437699
107438968
107439685
107445055
107437231
122273291
107442278
107452905
107456266
107447646
107442819
107456626
107437124
107452013
107443054
107445355
107455322
107442910
107441960
107450499
107448187
107441777
107439564
107447489
107441267
107446298
107457335
107437780
107457360
107440941
107456186
107457379
107449120
107448640
107452584
107451182
122272401
107455547
107451038
107439894
107445780
139424815
107454342
107451318
107445064
107449373
107447153
107441152
107439406
107443625
107457402
107436110
107452995
110282490
107451134
107442132
107449071
107440969
107449627
107436467
107436407
107437347
139427122
107453761
107438420
107439594
107450559
107439236
107456527
107457333
107456625
107440655
107455701
107454767
107442498
107449540
107440259
107447872
107450779
107452096
107436766
110283244
107445179
107454727
107443035
107442569
107438998
107445011
107438637
107448959
107440501
107438885
107448778
107456766
107438768
107451183
107446036
107438657
107440651
107441834
107455561
107448850
107438828
107448731
107452506
107454068
107453590
107445908
107451770
107456541
107453529
107443263
107443445
107442079
107448299
107436569
107438720
107455194
107445958
107443049
107454658
107449656
107457488
107457312
107438692
107453225
107453219
107456202
107452034
107452801
107437037
107453594
107438439
107452970
107450633
107448161
107454088
107447836
107454881
107447549
107436660
107436494
107456926
107451621
107452457
107451014
107456908
107444407
107445763
107457365
107440425
107443436
107455969
107447544
107441640
107440458
107452900
107457030
107455306
107439228
107444941
107439569
122268549
107449914
107449508
107444441
107453613
107456524
107448842
107445655
107452143
107450051
107436193
107454715
107449918
107443159
107440385
107442783
107450696
107454756
107442242
107453467
107445251
107443405
107457083
107450480
107457313
107442041
107436478
107450961
107440236
107437881
107446557
107443447
107437782
107438075
107444524
107443221
107455975
107443939
107439013
107450623
107443203
107447699
107447080
107456095
107436646
107450187
107448745
107455070
107445891
107438308
107438174
107453694
107444046
107451572
107441035
122268202
107452335
107447976
107443879
107447216
107437459
107453129
107446407
107450129
107439716
107437450
107446405
107455225
107445524
107441884
107446094
107449543
107441464
107440448
107440732
107445760
107457008
107439015
107444360
107440333
107441661
107447227
107450493
107447957
107450911
107448134
107452788
107456491
107452324
107438328
107450368
107443902
107437591
107456651
107454930
107456922
107437146
107442089
107454336
107450427
107439512
107437541
107444336
107439970
107452356
107442032
107443767
139425856
107441659
107450348
107437773
107441942
107450056
107453001
107444809
107456768
107437592
107443464
107439102
107455631
107453730
107445161
107437779
107436875
107446018
107438310
107447475
107446574
107455469
107445000
107438058
107449724
107446320
107455898
107443044
107456087
107448135
107443155
107452144
122271847
107447217
107451478
107444150
107449261
107443083
107445603
107453644
107450008
107457132
107451343
107443829
107439083
107452596
122273098
107440883
107445162
122270296
107446315
107447745
107439878
107453809
107449631
107447702
107453041
107455474
107444813
107440566
107439251
107446812
107455591
107444763
107441654
107443848
107456254
107452725
107439599
107456277
107452657
107436940
107437125
107456877
107446532
107447022
107454301
107442195
107451720
107439373
107444335
107438446
107452749
107448071
107453974
107454789
107438969
107442767
107453361
107449967
107436519
107443070
107451807
107451887
107441647
107438862
107448748
107453288
107439257
107457362
107443110
107438873
107443494
107450603
107437535
107448908
107448336
107452403
107452206
107441346
107437030
107455995
107449152
107436876
107455663
107447156
107444082
107448111
107453750
107443154
107437597
107443016
107439486
107444439
107444506
107451979
107455783
107438648
107456136
139426010
107447864
122271266
107441628
107450295
107440114
107439660
107440931
107454738
107456952
107439945
107448239
107454505
107444801
107437170
107452367
107439814
107454243
107437621
107436816
107450476
107454367
107454498
107453013
107451977
107449529
107439834
107442214
107450354
107446012
107441323
107438748
107452962
107456784
107443497
107456683
107447392
107455431
107442078
107438325
107451822
107449359
107436945
107447794
107445381
107450288
107441108
107453766
107455850
107454591
107455721
107451100
107444181
107442035
107445875
107444087
107439893
107450444
107456850
107450456
107454814
107438788
107448153
107457205
107439256
107437088
107447843
107436619
107442602
107450490
107446209
107445044
107449513
107446031
107442034
107447382
107448680
107454662
107443828
107439177
107453752
107450173
107438427
107441580
107439602
107440882
107454369
107443195
107455888
107445117
107456512
107455884
107451350
107436250
107439639
107445791
107436253
107439019
107455971
107439423
107455398
107457070
107455187
107455792
107442814
107454546
107453150
107436080
107455785
107439600
107457201
107455734
107437468
107454728
107440954
107440914
107442138
107454615
107452010
107455362
107449462
107439421
107443372
107438411
107450371
107451248
107438800
107447927
107448732
107449666
107442199
107436657
107448317
107455374
107440337
107438485
107441924
107456774
107444942
107441722
107457437
107438965
107440440
107453047
107439415
107449846
107442019
107445688
107454251
107437117
107453168
107445072
107447027
107438711
107442841
107440855
107452191
107455244
107451466
107441182
107439836
107437369
107453301
107446996
107457103
107449197
107449107
107453148
107437276
107442959
107443629
107436171
107448298
107447371
107449260
107437155
107442031
107446709
107455223
107452452
107438556
107452750
107448263
107449872
107451411
107443526
107447242
107436676
107457248
107454178
107446358
107455283
107443816
107439260
107452693
107441257
107447649
107442233
107456404
107443581
107437152
107452838
107443271
107448162
107451193
107455444
107438038
107445328
107444555
107437713
107445943
107436995
107440021
107442595
107456589
107445671
107449257
107445967
107444391
107441233
107446783
107447518
107455602
107447929
107451681
107457213
107438182
107454075
107457289
107451965
107454618
107457243
107436585
107448050
107448669
107438158
107444389
107438044
107455935
107442948
107441692
107438929
107445005
107443153
107436102
107454883
107456946
107449779
107443342
107452114
107449517
107441996
107455797
107440230
107452498
107443127
107448648
107447180
107455912
107447942
107455249
107448693
107444513
107438999
107449583
107437223
107447763
107448919
107438482
107455259
107442586
107455378
107436350
122268362
107446744
107451753
107453070
107444426
107455326
107455120
107445590
107439065
107437604
107456465
107443881
107456252
110282053
107456767
107450555
107439885
107442930
107444629
107436998
107453183
107436275
107437415
107453671
107449408
107437896
107449753
107442888
107439901
107454521
107453577
107452294
107454035
107447017
107446576
107439062
107443508
107442000
107437086
107455164
107436873
107451706
107442777
107443444
107456668
107436500
107446376
107448828
107436376
107447023
107437156
107443408
107447285
107449600
107456900
107439293
107441602
107454154
107456666
107441559
107442282
107457001
107449367
107445237
107439067
107437002
107439038
107449541
107452245
107444993
107454240
107446670
107454735
107445672
107449587
107440685
107448853
107442004
107452200
107451604
107440944
107440581
107440908
107456708
107444232
107438428
107446531
107442667
107441462
107449263
122270632
107444662
107439592
107442223
107456461
107455235
107440747
107456346
107448186
107450508
107449943
107442324
107444083
107456422
107454359
107450924
107448330
107442787
107454563
107455396
107436753
107444392
107438703
107446307
107439849
107455967
107452953
107456394
107455012
107454439
122272291
107439420
107448655
107455349
107455745
107447033
107439898
107453295
107442406
122272793
107441094
107445415
107440015
107441585
107445520
107450116
107452819
107449259
107442197
107442315
107443785
107457002
107436901
107442046
107440712
107452353
107438060
107447426
107437314
107456968
107454100
107457349
107444258
107453598
107449325
107449895
107449829
107437351
107447871
107451230
107442369
107446259
107450837
107453983
107436866
107446108
107436563
107454249
122270828
107454510
122271231
107438921
107445932
107452654
107449594
107455706
107440980
107437046
107456981
107449705
107441406
107442532
107448765
107443882
107456499
107449140
107437641
107443310
107438746
107457450
107444463
107437986
107452221
107448311
107437704
122269368
107442785
107457149
107443380
107447302
107448596
107449381
107456196
107446235
107446974
107445363
107439217
107439699
107454790
107456812
107447247
107449489
107437814
107451431
107451756
107444440
107438152
107441537
107443364
107453086
107456583
107446791
107449274
107448099
107450910
107455926
107436851
107442803
107439711
107441521
107444862
107451101
107448555
107449016
107451851
107447359
107443458
107447068
107448018
107457579
107440668
110282127
107451397
107456449
107452595
107440063
107442938
107442158
107455123
107453332
107447466
107448815
107447040
107443889
107449523
107451568
107455897
107445525
107443475
107449369
107453854
107445887
107448604
107446452
107447734
107436476
107443706
107439766
107444670
107455248
107443819
107454109
107451839
107449131
107456655
122271002
107440074
107436425
107448113
107438293
107448917
107436228
107440123
107436371
107443131
107440647
107447774
107457435
107455384
107457489
107453306
107452631
107442525
107439061
107452895
107451798
107440946
107438337
107454034
107443608
107450228
107436880
107443428
107457059
107447727
107452850
107454763
107439829
122268941
107451162
107449951
107451398
107454358
107444661
107449544
107447974
107445155
107446556
107451490
107447634
107448529
139425008
107440469
107440938
107439146
107436328
107440124
107455630
107454399
107444126
107441137
107442920
107446087
107455796
107447833
107454233
107448514
107450873
107449078
107445516
107439465
107444538
107439189
107449732
107437937
107449344
107453900
107446080
107438561
107436373
107449512
107447666
107439127
107454425
107437742
107440887
107452689
107449865
107448571
107456521
107451815
107452103
107445782
107445462
107456260
107453795
107446680
107453688
107436296
107436870
107455817
107450185
107442827
107439523
107448242
107448234
107442896
107444726
107440055
107454928
107442818
107436462
107448764
107437619
107443810
107438565
107437940
107455379
107448169
107447013
107448307
107438676
107437605
107439670
107444609
107449106
107449425
107447324
107445928
107446853
107438710
107436751
107450926
107442523
107452251
107449441
107453312
107450877
107436972
107447020
107453335
107441581
107444109
107455922
107440345
107445723
107441673
107437133
107449633
122273270
110281956
107446750
107441100
107437500
107456835
107454467
107448447
107447658
107456627
107437562
107445456
107445070
107455665
107444468
107451731
107451112
107444204
107437082
107445890
107451799
107441348
107440460
107456772
107457490
107451256
107439726
107455009
107443123
107449670
107447633
107455633
107437625
107453693
107456828
107457483
107446536
107438085
107453804
107449980
107450226
107437915
107439122
107447512
107450241
107456953
107447122
107440899
107439003
107453569
107449776
107446654
107453540
107447577
107441573
107445518
107450060
107440429
107453617
107451262
107438011
107436878
107442766
107447688
107444458
107453961
107448432
107445081
107447472
110282097
107453975
107442576
107437045
107457520
107445487
107443373
107448338
107452175
107444753
107439488
107437502
107456558
107456830
107456177
110281924
107454494
107452695
107451139
107454607
107436419
107453655
107438785
107442951
107455919
107449592
122269282
107454012
122268403
107443407
107441030
107452117
107454111
107442432
107439589
107448325
107455801
107442554
107442786
107452623
107439603
107447710
107440854
107445775
107445632
107444578
107439166
107452825
107438920
107440127
107440505
107447151
107449908
107444742
107437372
107454495
107445002
107442148
107447164
107437325
122271367
107446755
107448894
107455313
107439591
107440812
107456370
107452694
107443193
107448975
110283350
107443984
107437963
107453748
107439016
107443003
107445353
107451191
107452052
107447874
107447970
107437106
107443341
107451982
107439501
107436761
107436127
107442103
107437420
107445893
107440515
107446296
107449662
107437616
107438195
107452708
107457026
107455173
107456684
107440070
107446982
107448915
107455366
107452821
107446529
107454566
122272960
107449021
107439000
107450201
107447751
107448454
107448621
107440216
107447417
107453353
107456133
107455209
107442773
107438940
107450482
107452097
107436879
107451052
107452306
107440979
107452338
107439498
107439828
107454155
107439076
107441862
107441773
107454054
107447243
107450593
107440185
107453506
107443115
107452999
107454165
107438641
107449885
107455937
107450109
107445412
107442530
107453083
107456876
107438623
107448284
107449952
107445541
107442446
107454368
107449584
107449243
107448632
107436929
122271203
107446989
107451483
107437886
107441702
107440452
107446301
107436525
107436903
107451137
107455393
107437680
107446510
107440399
107440109
107444085
107441901
107454645
107446249
107440426
107450412
107446707
107451995
107451496
107449382
107446742
107439641
107447921
107440940
107437983
107444818
107436405
107445275
107455375
107448277
107455774
107447491
107447335
107457577
107447648
107442531
107440424
107442275
107457485
107439386
107455005
122268379
107456423
107442281
107450249
107441578
107438766
107455019
107443699
107451575
107441682
107451453
107441538
107445595
107450203
107442311
107452444
107451283
107439261
107439734
107451409
107440090
107444930
107436258
107444833
107452659
107444554
107451595
107455732
107452292
107451566
107451782
107449377
107451548
107438015
107444997
107453121
107452836
107455869
107451033
122269142
107437042
107455823
107447863
107448052
107439471
107452534
107443461
107447087
107437960
107442365
107453182
107438084
107451446
107438611
107442137
107440143
107450835
107436952
107436969
107436981
107455818
107444762
107448831
107451984
107444086
107447009
107442762
107451064
107451375
107455434
107443623
107452080
107443507
107438541
107444880
107438549
107440430
107440482
107442478
107442676
107450391
107448905
107455232
107440863
107456958
107444645
107436174
107443186
107442578
107442192
107446852
107449008
107437336
107449613
107454245
107453921
107440439
107443236
107437964
107436398
107455811
107452712
107436938
107442895
107449735
107449916
107452854
107442330
107438680
107437990
107439032
107439889
107448900
107447455
107448095
122269319
110282427
107444550
107455909
107453251
107455740
107441029
107441019
107449730
107454652
107439143
107453749
107446635
107451280
107442512
107439875
107443303
107443843
107446928
107440508
107439160
107449013
107444954
107452915
107445067
107453448
107450564
107455233
107447018
107442897
107457161
107438185
107436744
107440773
107446516
107449794
107453678
107439557
107438829
107445512
107442191
107441181
107443114
107442409
107436576
107441442
107450092
107450204
107449718
107441171
107449898
107444231
107449966
107451370
107437258
107440354
107457207
107449020
107446918
107440761
107445416
107457315
107440918
107437636
139425568
107440184
107449777
107453768
107442958
107455389
107450522
107457277
107442474
107451968
107444088
107447711
107456420
107447638
107446963
139425365
107438397
107457389
107443351
107451097
107454693
107443479
107449285
107439011
107446599
107450775
107454742
107438289
107455788
107436129
107443554
107450314
107437074
107437746
107442143
107437380
107455086
107457339
107456398
107452888
107452673
107439478
107437340
107445113
107439384
107449491
107455035
107436534
107439650
107446182
107444793
107456081
107454764
107439679
107456228
107436415
107445469
107454198
107456286
107438213
110282721
107456425
107456809
107451470
107451973
107437663
107456148
107443344
107450971
107444575
107449463
107436558
107449693
107457126
107451736
107445218
107441110
107454391
107450230
107451806
107448364
107444253
107455920
107441411
107436501
107441253
107448370
107443621
107447083
107448109
107441096
107436812
107448615
107456718
107450479
107441597
107453466
107439092
107448918
107443261
107446798
107448903
107452716
107448049
107444063
107450758
107447793
107449337
107454128
107438380
107438904
107437203
107450746
107455963
107457094
107446914
107456717
107438842
107445654
107447102
107441560
107446083
107456780
107455910
107437927
107450553
107450188
107442970
107453543
107442685
107442703
107440191
107439571
107443266
107440817
107454270
107437063
107440728
107446703
139426200
107453460
107451525
107448441
107436380
107443139
107447141
107450550
107443618
122270326
107455087
107438535
107454182
107448927
107441770
107452314
107438107
107453805
107442385
107455808
107445589
107439419
107451639
107450759
107444791
107451688
107452713
107456901
110283034
107441523
107455847
107454418
107445338
107457305
107441093
107445658
107440891
107446294
107441670
107441550
107446717
107436997
107450007
107447926
107439468
107440421
107446237
107439853
107445112
107438139
107440450
107447828
107452145
110282259
107455010
107445533
107443584
107441925
107456308
107450094
107443239
107442852
139424801
107448103
139426435
107457014
107454888
107442603
107448829
107450907
107448684
107437338
107449983
107442017
107438170
107456070
107452184
107452146
107447780
107452894
107439802
107440771
107453155
107442254
107456140
107454597
107454613
107454438
107440111
107449871
107442286
107438128
107439125
107441694
107455202
107444569
107441015
107439582
107442230
107440186
107441284
107451805
107447664
107446659
107448833
107443613
107452913
107451829
107449623
107450387
107438573
107449060
107452643
107438009
107450754
107454105
107445255
107451326
107440470
107448552
107446373
107443359
107442131
107443929
107438636
107450121
107436178
107437618
107441851
107454179
107449440
107445036
107436370
107446858
107441349
107443591
107451989
107456289
107449739
107449783
107451750
107456337
107449851
107449536
107454964
107454231
107453377
107447943
107447987
107443061
107443231
107437681
107448668
107448431
107446490
107442727
107441833
107437132
107437507
107447706
107440211
107446442
107457467
107455065
107449277
107440110
107440900
107443916
107456011
107451510
107449423
107443996
107451165
107446093
107453728
107453847
107444561
107449607
107448037
107453226
107457436
107457247
107447026
107454759
107456730
107455626
107452266
107448896
107456788
107448476
107444203
110281902
107439845
107439350
107444800
107452732
107440479
107440599
107455026
107440411
107448404
107450556
107443032
107448875
107443071
107444797
107441259
107455573
107457370
107452603
107456552
107442991
107446260
107452218
107442398
107446908
107440017
107436788
107455853
107456212
107444798
107438652
107453601
107448445
107445650
107446882
122271094
107438635
107439255
107452212
107441983
107444090
107452102
107445403
107443211
107454743
107443183
107456215
107437770
107449813
107439043
107438751
107454488
107441054
139424780
107437916
107442217
107450156
107437387
107442687
107438970
107457460
107442642
107448479
107457102
107442222
107456440
107445051
107442832
107441832
107457344
107438450
107455165
107448566
107439762
107438966
107442650
107447775
107443577
139426335
107436514
107450845
107445585
107446061
107438608
107453504
107437169
107446446
107455964
107445483
107445059
107443382
107454194
107447326
107436577
107439105
107440118
107443862
107455239
107452871
107455471
107456139
107454891
107439167
107455308
107441959
107455762
107436965
107444625
107446375
107448513
107439333
107443795
107438074
107442236
107453560
107453414
107457444
107448185
107455285
107440422
107443190
107443047
107440208
107440902
107437279
107454877
107445656
107439988
107441427
107456988
107437329
107445031
107437404
107449990
107451517
107456446
107446786
107439269
107454959
107436760
107441461
107441903
107456903
107451023
107443417
107438787
122268245
107447705
107443814
107449366
107451680
107447978
107450645
107454268
107437282
107451773
107442113
107436697
107441821
107440023
107437993
107448243
107453081
107443262
107436367
107450242
107447454
107440136
107442765
107445542
107457347
107436238
107442239
107438964
107449901
107437802
107452889
107438518
107450229
107439377
107448741
107450925
107454610
107439760
107445378
107437989
107438159
107440928
107446836
107451774
107450902
107449219
107445582
107445423
107437707
107455234
107451576
107443179
107439220
107456864
122270387
107437479
107439843
107444906
107456616
107451985
107453415
107455144
107436314
107440442
107445529
107452877
107456135
107436164
107443734
107446362
107449562
107441255
139425831
107451316
107449738
107446411
107445463
107454734
107442990
107456492
107438295
107439793
107436658
107448097
107446911
107439028
107457179
107443534
107437673
107445136
107451054
107453801
107451273
107444721
107450141
107447536
107457580
122273494
107445049
107444184
107456167
107445630
107442168
107455436
107457267
107439604
107450158
107447163
107450002
107437885
107456817
107440818
107447456
107455113
107453858
107439181
107447024
107452529
107452197
107445807
107453314
107453151
107454050
107444172
107454967
107439361
107455364
107440715
107445746
107440506
107447241
107456682
107456687
107449217
107445704
107443679
107457027
107455314
107451740
107438476
107454375
107437508
107439202
107436786
107437315
107447537
107440125
107451810
107437602
107454697
107448876
107446964
107444712
107454578
107439821
107450449
107457563
107438354
107446065
107448912
107456445
107443612
122269557
107449687
107454289
107452516
107438852
107436840
107438877
107454162
107440253
107456513
107456587
107442142
107441175
107452515
107453341
107448827
107448376
107441297
107448530
107442070
107436092
107441991
107449708
107444730
107448623
107451155
122269490
107452368
