129231126
129230607
129217716
129223855
129224112
129222425
129221920
129223983
129223991
129229976
129230848
129223448
129232079
129230231
129220971
129229922
129217394
129222853
129219987
129233479
129233478
129227010
129222153
129218802
129223397
129224582
129234119
129228038
129221069
129233105
129222794
129222296
129220238
129225302
129232083
129235158
129227878
129225061
129224713
129222881
129217281
129223125
129234229
129225833
129217576
129217563
129222880
129222487
129230070
129216340
129221440
129233388
129229823
129227885
129224072
129226532
129231301
129227284
129235170
129229211
129227501
129217387
129218483
129226424
129224080
129224969
129227676
129229573
129219385
129222825
129222777
129221093
129215988
129218654
129225522
129217700
129218678
129234250
129226115
129228473
129217552
129235100
129216968
129233317
129225881
129217019
129225769
129233117
129224977
129222088
129217585
129230732
129219823
129222188
129221418
129235117
129219306
129229574
129219835
129228510
129232066
129217450
129216741
129219813
129231827
129227663
129228029
129232604
129228035
129228387
129226374
129223342
129229381
129217330
129231145
129217220
129227386
129220526
129219993
129222677
129227549
129234407
129233137
129216503
129224125
129217414
129222127
129220389
129228536
129235086
129231799
129229914
129227231
129217637
129229475
129222293
129223800
129225703
129230105
129226625
129226943
129219959
129224669
129233245
129216084
129227715
129216135
129230752
129220397
129223329
129222854
129235031
129234015
129231587
129219743
129230345
129229392
129228665
129226555
129222415
129226194
129218559
129219216
129222232
129224238
129230624
129234606
129218208
129231178
129220326
129216954
129233313
129220332
129230665
129230714
129216009
129231513
129219726
129227049
129229729
129225806
129217472
129227627
129226105
129223340
129227670
129222793
129229639
129220697
129226588
129227428
129229567
129229368
129216914
129234502
129232128
129222148
129220088
129220086
129231758
129221353
129231759
129235118
129235119
129225121
129230489
129234535
129222752
129222462
129222427
129224159
129216866
129223039
129225630
129221250
129220664
129221266
129230104
129221859
129218494
129227654
129229896
129223895
129221321
129225869
129227784
129221163
129228564
129229401
129227018
129232248
129225134
129218216
129231885
129223948
129224135
129224165
129232688
129223400
129217245
129235150
129217315
129217314
129218111
129222184
129233936
129227425
129227552
129221128
129217485
129234562
129229531
129224526
129223738
129222392
129225978
129222722
129216239
129224597
129222132
129229300
129229204
129218148
129224777
129229880
129220553
129228116
129217486
129216213
129228554
129222834
129233564
129228318
129229971
129231307
129222271
129224634
129226370
129221955
129234115
129234116
129229791
129230698
129230699
129230370
129233311
129230981
129234435
129220207
129218504
129231048
129226999
129220202
129233168
129220128
129217520
129224812
129229465
129226074
129229304
129231383
129229453
129229397
129224810
129220499
129216206
129231835
129234431
129231152
129230032
129231869
129226048
129221874
129221142
129218979
129217151
129230458
129219436
129222231
129219761
129228290
129219737
129218819
129222588
129220242
129234067
129225190
129234615
129218234
129224372
129224454
129227418
129217377
129221148
129230077
129222206
129235122
129233788
129221820
129221478
129220541
129216188
129232399
129217786
129221925
129220085
129229952
129228574
129225112
129224408
129225595
129229251
129225102
129222789
129223841
129229231
129220647
129225003
129228464
129226595
129223317
129229982
129215991
129219653
129221958
129218114
129233970
129223877
129223286
129222597
129224151
129234679
129228311
129226453
129217614
129217635
129220084
129231484
129235186
129221836
129227064
129222275
129217339
129222394
129230974
129222067
129230467
129228313
129227484
129228261
129224936
129228399
129225238
129221048
129216441
129222395
129222329
129230663
129220857
129232568
129230090
129222535
129220228
129235184
129230625
129233022
129229238
129229801
129225713
129225714
129219777
129222461
129219459
129217020
129224024
129223900
129219919
129219663
129222973
129216599
129216597
129226735
129220240
129220023
129220310
129224455
129224581
129221283
129218820
129220343
129233745
129223168
129220707
129234315
129220915
129227645
129227316
129225900
129225839
129234427
129226414
129216082
129227253
129217400
129226185
129222555
129224328
129226442
129219289
129226742
129234414
129228267
129234554
129234122
129225874
129219969
129216504
129230683
129227160
129220379
129220328
129218198
129231272
129216967
129217412
129222882
129234660
129222940
129229332
129217301
129224307
129226932
129222223
129233963
129216200
129222991
129228186
129235126
129217231
129231666
129226861
129233277
129226319
129226564
129216649
129231610
129216064
129224060
129224059
129229379
129227728
129231397
129216975
129224209
129222337
129226565
129231281
129225643
129221101
129216029
129226409
129226631
129219879
129216240
129229247
129221155
129219275
129216187
129219841
129223940
129232446
129230562
129216897
129221573
129227735
129227202
129227889
129231392
129227454
129218409
129221072
129234307
129229753
129224148
129221574
129227922
129216124
129224610
129224575
129225532
129228369
129229695
129222136
129216873
129216257
129224948
129216990
129232623
129220359
129233725
129223973
129229766
129226081
129231586
129232822
129227486
129226087
129220936
129224522
129227246
129217580
129228371
129218456
129223989
129221876
129226665
129223720
129224384
129224385
129222071
129224839
129217762
129220828
129224796
129217496
129224548
129224046
129220764
129216074
129222058
129228572
129227712
129219335
129220741
129218006
129218458
129216940
129224405
129223938
129219828
129218578
129233536
129220468
129223779
129229220
129226523
129226222
129222294
129234033
129221005
129217335
129219688
129226077
129223133
129217602
129218398
129232827
129220583
129225523
129232483
129231223
129231507
129229986
129231261
129229289
129229910
129223735
129220954
129230600
129219650
129225512
129225759
129217265
129230650
129227642
129231265
129225525
129226082
129234259
129224803
129233881
129233842
129216988
129224378
129223162
129228101
129235137
129224341
129229319
129231247
129231246
129219498
129232433
129222076
129216215
129216604
129225618
129215998
129219017
129226154
129224036
129220220
129228249
129232192
129222519
129226569
129225943
129225944
129224512
129230114
129234408
129224019
129222500
129225740
129228069
129216288
129216292
129217350
129217293
129217129
129218468
129229455
129219228
129218300
129222213
129229436
129228114
129232752
129227353
129226322
129226321
129226521
129226578
129226493
129227373
129225126
129227836
129224250
129224268
129218016
129224572
129234207
129226923
129229416
129230088
129221950
129220293
129218588
129224193
129224883
129224763
129231579
129219676
129221136
129222692
129220551
129221526
129220527
129225807
129221626
129216913
129232798
129233967
129217511
129217510
129220305
129222334
129232451
129229647
129227471
129220755
129229590
129235330
129223804
129229252
129225849
129216473
129216716
129230645
129216347
129223920
129221612
129218245
129231091
129226311
129223427
129226041
129222701
129234246
129235277
129223408
129218059
129219015
129228382
129222679
129221279
129227980
129232505
129230727
129233429
129235286
129229868
129223613
129225510
129230010
129233134
