129234109
129216486
129230485
129227391
129216183
129231864
129223199
129224325
129231860
129230005
129223911
129219766
129227502
129225737
129216206
129227288
129225989
129230239
129230701
129227617
129226133
129228246
129217393
129222514
129217304
129229488
129218193
129231382
129232107
129226738
129231458
129229423
129228086
129220986
129218712
129224174
129231366
129227007
129235248
129220049
129225787
129235265
129224996
129226844
129229323
129231868
129217659
129234519
129218560
129230664
129227045
129217363
129222601
129231857
129220643
129225749
129227435
129216861
129227226
129219838
129227399
129222565
129222950
129228208
129224078
129224514
129231653
129221171
129228158
129225696
129234612
129219740
129225911
129231836
129216173
129226721
129219138
129223246
129216146
129225193
129228529
129231154
129223766
129222437
129226468
129229211
129227224
129227413
129229578
129222218
129222916
129231352
129223443
129222857
129227244
129219498
129222703
129231815
129216611
129223429
129229700
129220130
129218273
129219068
129220975
129230036
129217583
129217113
129224963
129226671
129217272
129224367
129229527
129229963
129233638
129218081
129228466
129221006
129233644
129228601
129229762
129224280
129221423
129220276
129223836
129220358
129219632
129226140
129223865
129218834
129224336
129231388
129223432
129221910
129231832
