HOG,Occupancy,Log odds ratio of loss,Log odds ratio of duplication,P-value loss more likely in fg,P-value loss more likely in bg,P-value duplication more likely in fg,P-value duplication more likely in bg,Significant in permulation test
N5.HOG0001041,40,3.2632296405600383,-0.8571698677179824,0.0003,0.9997,0.7979,0.202,True
N5.HOG0002072,50,3.453173929802737,-0.39185565473681283,0.0867,0.9133,0.7978,0.2021,False
N5.HOG0004196,34,3.3567323008254784,-1.4791141977872104,0.2914,0.7086,0.8021,0.1978,False
N5.HOG0007439,30,4.26728898446416,-3.107778494607807,0.0165,0.9835,0.8615,0.1385,True
N5.HOG0007639,50,3.9084294034049867,-1.3960161776358682,0.3286,0.6714,0.7307,0.2693,False
N5.HOG0010634,53,4.474062697526908,-2.4154297978113966,0.287,0.713,0.8309,0.1689,False
N5.HOG0012040,34,3.4164176336555196,-2.621373806483333,0.1465,0.8535,0.7441,0.2559,False
N5.HOG0012951,42,4.034013636850679,-3.0212257441225576,0.2483,0.7517,0.8517,0.1482,False
N5.HOG0012963,34,4.541411254835799,-2.0206132118918414,0.0245,0.9755,0.8167,0.1832,True
N5.HOG0013450,45,3.7292339450913508,-2.619027050081213,0.2682,0.7318,0.7961,0.2039,False
N5.HOG0014811,45,3.7732294025102693,-0.8805453854738174,0.1784,0.8216,0.8034,0.1966,False
N5.HOG0016325,53,4.471463608296,-1.7194408719895515,0.3004,0.6996,0.7002,0.2998,False
N5.HOG0016329,50,5.107025208231165,-2.2636391700665706,0.1526,0.8474,0.7574,0.2426,False
N5.HOG0016332,44,4.312596019235251,-2.6563902594581066,0.0934,0.9066,0.8373,0.1626,False
N5.HOG0017308,36,3.499294056600975,-3.5060539902485557,0.2254,0.7746,0.8912,0.1086,False
N5.HOG0017462,53,3.5364519721740426,-1.7057584003910884,0.4869,0.5131,0.8205,0.1794,False
N5.HOG0017974,77,3.467098477101045,0.8052666877714034,0.0042,0.9958,0.5345,0.4655,True
N5.HOG0018094,54,4.74159867890814,-3.7584766623762107,0.2743,0.7257,0.8546,0.1453,False
N5.HOG0018536,41,3.348239072970018,-1.3349649543874231,0.3239,0.6761,0.5836,0.4164,False
N5.HOG0019372,42,3.481032126162413,-2.994915107441543,0.2469,0.7531,0.7789,0.2211,False
N5.HOG0020324,52,4.866840894959695,-3.080075776837933,0.1572,0.8428,0.781,0.219,False
N5.HOG0020576,54,4.190042059979821,-2.200937126294914,0.3956,0.6044,0.6196,0.3804,False
N5.HOG0021092,33,3.3421050384164497,0.5648877202895434,0.0806,0.9194,0.7912,0.2088,False
N5.HOG0022170,78,3.285468357710867,-1.5100230379646542,0.033,0.9668,0.7053,0.2947,True
N5.HOG0022325,34,3.4197770835152332,-3.044805474706643,0.0349,0.9649,0.8661,0.1339,True
N5.HOG0022424,37,3.5889071192040998,-2.1700534743604782,0.2598,0.7402,0.8231,0.1768,False
N5.HOG0022741,57,4.572000545293013,-0.20811122399277823,0.1116,0.8884,0.5541,0.4457,False
N5.HOG0022924,30,4.26243857436429,-3.0203083831060247,0.0495,0.9502,0.8543,0.1454,True
N5.HOG0023130,32,3.248419786815406,-2.1272492713696,0.059,0.941,0.663,0.3369,False
N5.HOG0023347,30,4.26243857436429,-3.866855306648981,0.0495,0.9502,0.8681,0.1319,True
N5.HOG0023986,32,3.276957404994617,-1.688500840250807,0.0035,0.9965,0.8152,0.1846,True
N5.HOG0024645,55,4.46017713059196,-3.2069936854502217,0.3765,0.6235,0.8091,0.1909,False
N5.HOG0025558,54,4.738218878171985,-0.5794494637860976,0.1987,0.8013,0.4799,0.5201,False
N5.HOG0026939,52,4.24630265832186,-1.6913060237219657,0.3081,0.6919,0.8254,0.1744,False
N5.HOG0027138,51,3.61744975699353,-1.8911579352557863,0.4098,0.5902,0.6595,0.3404,False
N5.HOG0027218,32,4.409316099927921,-1.901728237264523,0.0358,0.964,0.8194,0.1803,True
N5.HOG0027568,57,4.01990961046746,-1.2394761356143205,0.5008,0.4992,0.6522,0.3478,False
N5.HOG0028354,35,3.4410936423078495,-1.5181755628206794,0.3071,0.6927,0.6793,0.3207,False
N5.HOG0028593,50,3.899042420862824,-1.4553614616826924,0.3312,0.6688,0.8046,0.1954,False
N5.HOG0028625,46,3.3882330687346163,-2.472871733238705,0.3746,0.6254,0.7846,0.2154,False
N5.HOG0028731,46,3.8844330782161163,-3.931905236446847,0.1754,0.8246,0.8909,0.1091,False
N5.HOG0029155,57,4.005281210590469,-1.472029925632968,0.2089,0.7911,0.6623,0.3377,False
N5.HOG0029680,33,3.340438320628094,0.5648877202895434,0.0303,0.9696,0.7912,0.2088,True
N5.HOG0030311,54,4.74159867890814,-0.5226287414298169,0.2743,0.7257,0.4932,0.5067,False
N5.HOG0030381,46,3.3791061734831422,-1.3748841658761413,0.3737,0.6262,0.5621,0.4379,False
N5.HOG0030905,54,4.180678595901965,-3.8704666311079152,0.3825,0.6175,0.7659,0.2341,False
N5.HOG0031914,39,4.976332558211082,-0.8877065538281581,0.0171,0.9828,0.7975,0.2023,True
N5.HOG0032569,40,3.8277083846375137,-3.7926665381393754,0.1832,0.8168,0.9001,0.0999,False
N5.HOG0033191,52,4.243997214989058,0.053923035877016044,0.3235,0.6765,0.5451,0.4549,False
N5.HOG0033305,33,4.488719960171225,-2.84661042897104,0.0397,0.9601,0.8515,0.1484,True
N5.HOG0033875,49,3.7465831243451437,-2.09613334731066,0.3369,0.6631,0.7819,0.2181,False
N5.HOG0034242,54,4.74159867890814,-1.2100359559024199,0.2743,0.7257,0.8226,0.1772,False
N5.HOG0034502,35,3.4966579150365042,-2.843888058540355,0.0939,0.9061,0.8499,0.1498,False
N5.HOG0036007,31,4.337515960437135,-1.2177291516631916,0.0375,0.9623,0.8146,0.1853,True
N5.HOG0036564,55,3.5356042055034718,-2.105263945218456,0.506,0.494,0.5897,0.4103,False
N5.HOG0036830,52,4.253020103506656,-1.2174943057134462,0.2927,0.7073,0.4993,0.5007,False
N5.HOG0037414,49,3.7683349597693527,-2.3121627943839997,0.0865,0.9135,0.8446,0.1552,False
N5.HOG0037428,49,4.300250382869644,-1.5898291392701671,0.188,0.812,0.6182,0.3818,False
N5.HOG0037994,48,3.6177870900163573,-1.222009838497718,0.3346,0.6654,0.8297,0.1702,False
N5.HOG0038316,47,5.8854479423910355,-2.54146973145892,0.0078,0.9921,0.8587,0.1411,True
N5.HOG0038578,34,3.4087948063181024,-1.7837752120623032,0.0639,0.9361,0.6499,0.3501,False
N5.HOG0038590,33,3.2535106829793996,-1.8182843558393573,0.2403,0.7597,0.7683,0.2317,False
N5.HOG0039615,58,3.8365061266421376,-2.1734950338341954,0.504,0.496,0.711,0.289,False
N5.HOG0039769,47,3.5020073922159387,-2.1312746869293795,0.2935,0.7065,0.6427,0.3573,False
N5.HOG0039987,43,3.5133917525601923,-1.6107439051725267,0.2332,0.7666,0.6463,0.3537,False
N5.HOG0040528,34,3.3728657684345835,-1.8847333086231255,0.3131,0.6869,0.8275,0.1725,False
N5.HOG0040773,32,3.2664676483700594,-3.009926455217542,0.043,0.957,0.8399,0.1598,True
N5.HOG0041387,41,3.9502262374958255,-3.6500096187620503,0.2268,0.7732,0.8849,0.1151,False
N5.HOG0041445,77,3.4596985964492717,-1.4400852132197421,0.0027,0.9973,0.7993,0.2006,True
N5.HOG0041613,44,4.312210314266831,-3.1845866302199823,0.0318,0.9682,0.8702,0.1296,True
N5.HOG0041661,37,3.604832342075458,-1.9124985932274146,0.2612,0.7387,0.7299,0.2701,False
N5.HOG0041666,42,4.037490225406863,-1.9913852741684215,0.2124,0.7876,0.7254,0.2746,False
N5.HOG0041885,54,3.3465774282334393,-1.204028517886147,0.5112,0.4888,0.516,0.484,False
N5.HOG0041941,47,4.017111484569943,-2.1142763239119473,0.1624,0.8376,0.6611,0.3389,False
N5.HOG0042197,53,3.9730461784780204,-1.4441458589832494,0.3145,0.6855,0.8184,0.1816,False
N5.HOG0043003,33,3.3103305503541143,-2.4211596939664988,0.0388,0.961,0.844,0.1559,True
N5.HOG0043106,55,3.935182375765382,-2.784208062032024,0.1164,0.8836,0.8401,0.1599,False
N5.HOG0043231,46,3.8487936248577372,-1.8257520644995116,0.2991,0.7008,0.7494,0.2506,False
N5.HOG0043267,55,4.46017713059196,-1.905796904244618,0.3765,0.6235,0.7675,0.2325,False
N5.HOG0043283,53,5.0930581502346834,-2.1771356798121815,0.2153,0.7847,0.7525,0.2475,False
N5.HOG0043431,52,4.245335341666366,-3.4373803166142864,0.3199,0.6801,0.8832,0.1168,False
N5.HOG0043760,35,4.641850121294884,-2.6496172015812225,0.0293,0.9705,0.8359,0.1639,True
N5.HOG0043831,30,4.26243857436429,-1.46160788602845,0.0495,0.9502,0.8031,0.1966,True
N5.HOG0043873,45,4.356958188910061,-0.5514984594129843,0.2022,0.7978,0.4981,0.5019,False
N5.HOG0044384,54,4.74159867890814,-2.5457224648587258,0.2743,0.7257,0.8441,0.1556,False
N5.HOG0044422,48,3.6187729083544475,-1.4736904289782322,0.3601,0.6399,0.8103,0.1895,False
N5.HOG0044637,47,3.4956837624553727,-1.7214438483231074,0.3747,0.6253,0.6469,0.3531,False
N5.HOG0044991,59,3.6643037119385466,-1.193384185650733,0.5155,0.4845,0.6082,0.3918,False
N5.HOG0045096,51,3.624368420048497,-0.9268832725701719,0.4049,0.5951,0.6083,0.3916,False
N5.HOG0045197,61,4.526051836481452,-1.8910040286592313,0.3925,0.6075,0.7815,0.2185,False
N5.HOG0045276,30,4.224458170764318,-2.026527292178439,0.037,0.963,0.8382,0.1616,True
N5.HOG0045331,56,3.750132698511253,-2.8404595231439864,0.5068,0.4932,0.8405,0.1593,False
N5.HOG0045355,47,3.504170867814407,-1.3615608018461791,0.334,0.6659,0.6906,0.3094,False
N5.HOG0045500,48,4.118348854823607,-3.1051144815974894,0.253,0.747,0.8645,0.1355,False
N5.HOG0045596,51,4.606127133293944,-1.9087780474276166,0.2533,0.7467,0.7537,0.2463,False
N5.HOG0045943,43,3.5354519540984555,-2.713238186911073,0.3099,0.6901,0.7762,0.2238,False
N5.HOG0046172,56,3.744601560840901,-2.440131699722824,0.3045,0.6955,0.8506,0.1493,False
N5.HOG0046319,56,4.226181833080107,-0.5085484645200854,0.2895,0.7105,0.4528,0.5472,False
N5.HOG0046967,45,3.7385158453404257,-1.6887640921148197,0.2944,0.7056,0.8224,0.1774,False
N5.HOG0047981,33,4.48179585285251,-3.18786258576311,0.0269,0.973,0.8547,0.1452,True
N5.HOG0048026,52,4.259021693778357,-1.97266102089096,0.2938,0.7062,0.7563,0.2437,False
N5.HOG0048549,57,4.5590947514438165,-1.673011373189062,0.0001,0.9999,0.8289,0.171,True
N5.HOG0048726,54,4.18718065062104,-3.3399285742354077,0.3925,0.6075,0.8805,0.1194,False
N5.HOG0048816,31,4.336722355469405,-2.3345651420749345,0.0258,0.9741,0.8288,0.1709,True
N5.HOG0049103,50,3.9003550164003515,-1.8176787988889402,0.3416,0.6584,0.7584,0.2416,False
N5.HOG0049138,51,4.065808652932053,-1.6265918546562264,0.3082,0.6918,0.5128,0.4872,False
N5.HOG0049724,49,3.7532494988764316,-1.2346859261195138,0.3559,0.6441,0.6714,0.3286,False
N5.HOG0049817,55,3.9540885504659813,-1.5003308181502695,0.3014,0.6986,0.6282,0.3718,False
N5.HOG0049826,30,4.26376606322547,-3.0354784216401054,0.0382,0.9618,0.8646,0.1352,True
N5.HOG0050191,55,3.5268487237425834,-1.3215293283960272,0.5066,0.4934,0.557,0.4429,False
N5.HOG0050413,49,3.7557481958623185,-2.6361794615957646,0.3308,0.6692,0.8408,0.1591,False
N5.HOG0050807,46,4.542386300986946,-1.4727492106235684,0.0744,0.9256,0.8107,0.1892,False
N5.HOG0051502,49,3.74838916747165,-1.0948253773929815,0.3394,0.6606,0.6671,0.3329,False
N5.HOG0051657,50,3.902526410196156,0.07090378147622584,0.3185,0.6815,0.5188,0.4812,False
N5.HOG0052111,58,3.837808046283424,0.2395595914269206,0.5021,0.4979,0.3817,0.6183,False
N5.HOG0052212,40,3.275061892802332,-1.863005020559387,0.2183,0.7817,0.8323,0.1676,False
N5.HOG0052238,58,3.8391108407608665,-0.04493719742089936,0.503,0.497,0.4031,0.5969,False
N5.HOG0052586,54,4.757804862417082,-3.412636937110423,0.0679,0.9321,0.8654,0.1345,False
N5.HOG0052604,56,3.752104495129265,-1.1059439523695556,0.5041,0.4959,0.5365,0.4635,False
N5.HOG0052619,57,4.01990961046746,-2.4304924056506496,0.5008,0.4992,0.8412,0.1588,False
N5.HOG0052759,45,3.2840106198057075,0.04918246774709222,0.3625,0.6373,0.516,0.484,False
N5.HOG0052781,49,4.24993159012434,-0.9151278064159241,0.2531,0.7469,0.6167,0.3833,False
N5.HOG0052790,54,4.191573239181256,-2.532689553972573,0.3008,0.6992,0.8573,0.1426,False
N5.HOG0052860,45,3.2945431824406897,-2.290032250051212,0.0853,0.9147,0.6732,0.3268,False
N5.HOG0052973,50,4.4083005321116016,-4.238201094742405,0.2302,0.7698,0.9045,0.0953,False
N5.HOG0053431,57,4.01990961046746,-0.7005706866074488,0.5008,0.4992,0.4983,0.5017,False
N5.HOG0053443,36,3.513694727478438,-1.6663667284446568,0.2412,0.7587,0.8091,0.1908,False
N5.HOG0053584,41,3.3722724316616572,-1.4790721400933569,0.1169,0.8831,0.6947,0.3052,False
N5.HOG0053632,30,4.260244607326672,-1.6834885384026113,0.0475,0.9523,0.8048,0.1951,True
N5.HOG0054184,31,4.335819405865293,-3.648252321404056,0.0404,0.9594,0.8598,0.14,True
N5.HOG0054704,47,3.4966824816241067,-0.3741017730245642,0.331,0.669,0.7965,0.2035,False
N5.HOG0054872,52,4.252047568497374,-1.4728097556604463,0.3151,0.6849,0.6796,0.3204,False
N5.HOG0054924,48,3.6199473338137347,-1.6931533982763747,0.3568,0.6431,0.7355,0.2645,False
N5.HOG0055477,55,3.5333533424360017,-0.9690834214455701,0.5054,0.4946,0.5191,0.4809,False
N5.HOG0055635,45,3.2861207731074016,-2.7541034746862154,0.3846,0.6153,0.8377,0.1623,False
N5.HOG0055647,55,3.5145911705968245,-1.44813967760218,0.2928,0.7072,0.8112,0.1888,False
N5.HOG0055856,53,4.471463608296,-2.303894350856397,0.3004,0.6996,0.8386,0.1613,False
N5.HOG0055970,54,4.74159867890814,-0.29662960122742243,0.2743,0.7257,0.5535,0.4465,False
N5.HOG0056157,52,4.243254430164829,-2.2851253808186294,0.3059,0.6941,0.8199,0.1798,False
N5.HOG0056179,56,3.754169408380072,-2.4233421326195654,0.5035,0.4965,0.8343,0.1656,False
N5.HOG0056298,53,5.0930581502346834,-1.6876229345239941,0.2153,0.7847,0.8042,0.1957,False
N5.HOG0056777,43,3.578679430070767,-1.2001816807775136,0.2301,0.7697,0.8031,0.1968,False
N5.HOG0056886,41,3.39322059612889,-1.8697289232945562,0.2189,0.7811,0.8247,0.1751,False
N5.HOG0056959,51,4.051368706345431,-2.4417241740787663,0.3273,0.6727,0.8408,0.159,False
N5.HOG0057140,51,4.6148146346837695,-2.29822599091487,0.218,0.782,0.8401,0.1597,False
N5.HOG0057236,54,4.183552976662186,-1.2941278738974618,0.3034,0.6966,0.5427,0.4573,False
N5.HOG0057302,36,4.716671267434332,-3.430836216574206,0.0239,0.9759,0.8613,0.1386,True
N5.HOG0057433,48,3.627437980732988,-0.021919481497190738,0.3503,0.6496,0.464,0.536,False
N5.HOG0057479,77,3.468339917377767,-1.0960975663751757,0.1267,0.8732,0.52,0.48,False
N5.HOG0057580,53,4.471463608296,-2.641493172353102,0.3004,0.6996,0.8459,0.1539,False
N5.HOG0058416,57,3.5550928857141595,-2.306524969237211,0.3769,0.6231,0.8404,0.1596,False
N5.HOG0058483,59,3.6681994485475946,-1.8804313363662444,0.5098,0.4902,0.8431,0.1569,False
N5.HOG0058939,49,3.3425173933795818,-1.2083339150697079,0.3668,0.6332,0.8016,0.1983,False
N5.HOG0058970,53,3.9539963801295253,-0.5423229245955457,0.3141,0.6859,0.5818,0.4182,False
N5.HOG0059077,46,3.383847511832577,0.2323245118894957,0.3685,0.6315,0.3807,0.6193,False
N5.HOG0059105,51,4.648696784473414,-3.412197097924339,0.1683,0.8317,0.8758,0.1241,False
N5.HOG0059141,31,4.335819405865293,-1.691481139951078,0.0404,0.9594,0.8338,0.1661,True
N5.HOG0059268,57,3.5681457453903875,0.5934332806737348,0.2841,0.7159,0.4387,0.5613,False
N5.HOG0059537,32,4.409316099927921,-1.8540887469023264,0.0358,0.964,0.8165,0.1833,True
N5.HOG0059663,55,3.9578647175807373,-0.8706887984266805,0.4721,0.5279,0.8101,0.1899,False
N5.HOG0059718,35,3.439630965089563,-1.4868941329761542,0.2774,0.7225,0.8083,0.1914,False
N5.HOG0060272,50,5.170318716891919,-1.4811937682958554,0.0095,0.9905,0.8095,0.1903,True
N5.HOG0060382,55,3.9509117070304463,-1.1671173583016332,0.3405,0.6595,0.7971,0.2027,False
N5.HOG0060555,52,3.7800003707984358,-0.41614883586339646,0.4126,0.5874,0.4869,0.5131,False
N5.HOG0060590,30,4.26243857436429,-2.1894725762537126,0.0495,0.9502,0.8309,0.1688,True
N5.HOG0060745,47,3.969293490788232,-1.4760924213457318,0.2864,0.7135,0.8145,0.1855,False
N5.HOG0060781,30,4.26243857436429,-1.8763428045253114,0.0495,0.9502,0.8192,0.1807,True
N5.HOG0061075,45,5.601705972848849,-2.164281388744914,0.0109,0.9891,0.8345,0.1653,True
N5.HOG0061321,38,4.888289054734368,-1.20229101941318,0.0195,0.9803,0.7973,0.2024,True
N5.HOG0061337,52,4.2536938416392225,-0.7752492304726296,0.311,0.689,0.5988,0.4012,False
N5.HOG0061603,50,3.896193278048334,-2.1807994630418674,0.3362,0.6638,0.8244,0.1755,False
N5.HOG0061712,52,3.768718809892166,-2.4299753260849295,0.3221,0.6779,0.838,0.162,False
N5.HOG0061800,47,3.535419321116415,-2.648660610429463,0.0813,0.9187,0.8358,0.1639,False
N5.HOG0061853,31,4.333275401481967,-0.4155245104695194,0.0365,0.9633,0.7972,0.2028,True
N5.HOG0062609,54,4.74159867890814,-1.3806988357604724,0.2743,0.7257,0.7275,0.2725,False
N5.HOG0062675,46,3.8521967371239088,-1.8624686842879181,0.2443,0.7557,0.8164,0.1833,False
N5.HOG0062773,52,4.2546676619674,-1.8685089511190898,0.3144,0.6856,0.8343,0.1655,False
N5.HOG0062859,53,4.466193205181353,-2.1834736083205337,0.2822,0.7178,0.8502,0.1496,False
N5.HOG0062866,30,4.262086418251754,-1.700119074032655,0.0313,0.9687,0.8284,0.1714,True
N5.HOG0062897,32,4.411006495993486,-1.4723306548196418,0.0396,0.9603,0.8055,0.1943,True
N5.HOG0062946,54,3.7358629012445532,-0.7401250073626366,0.3137,0.6863,0.5107,0.4893,False
N5.HOG0063449,30,4.256562166487635,-2.1927947257176656,0.045,0.9549,0.8385,0.1613,True
N5.HOG0063624,53,4.471463608296,-0.2462118567871279,0.3004,0.6996,0.4751,0.5249,False
N5.HOG0063907,50,3.4732335793280202,-0.3741017730245642,0.4401,0.5599,0.796,0.204,False
N5.HOG0063955,33,3.285933159862154,-1.6930560901152687,0.3523,0.6477,0.8085,0.1914,False
N5.HOG0064011,48,4.109170081464899,-0.8814211827702746,0.2489,0.7511,0.8169,0.1831,False
N5.HOG0064091,30,4.224458170764318,-1.883979589520813,0.037,0.963,0.8252,0.1747,True
N5.HOG0064194,47,3.50897831677881,-0.7686141328636513,0.3406,0.6594,0.5939,0.406,False
N5.HOG0064445,53,3.960571159704256,-1.7022910321816989,0.3862,0.6138,0.8373,0.1625,False
N5.HOG0064825,49,3.3251906343633966,1.0600572672691626,0.4335,0.5665,0.252,0.748,False
N5.HOG0065024,41,3.348837346908295,-2.046126871806741,0.3458,0.654,0.8368,0.1631,False
N5.HOG0065170,36,3.517912538006849,1.4947907886251257,0.2742,0.7256,0.2917,0.7083,False
N5.HOG0065175,40,5.068811418583659,-1.6804891868799299,0.0176,0.9824,0.8297,0.1703,True
N5.HOG0065245,78,3.298780340951944,0.9623591350192849,0.0015,0.9985,0.3371,0.6627,True
N5.HOG0065320,52,4.240139544668002,-1.8537030578294176,0.2918,0.7082,0.8136,0.1864,False
N5.HOG0065739,41,3.3924560055061446,-1.8479815366234824,0.2675,0.7323,0.8123,0.1876,False
N5.HOG0066363,33,3.269974360220778,-0.8901412629567637,0.2777,0.7223,0.8165,0.1833,False
N5.HOG0067563,32,4.41084020348008,-0.8596726595717943,0.0353,0.9645,0.7973,0.2026,True
N5.HOG0067750,39,3.82075794621822,-2.0276121822888062,0.0991,0.9008,0.8376,0.1623,False
N5.HOG0067756,42,3.445485369643191,-1.452811196218862,0.2922,0.7078,0.7984,0.2015,False
N5.HOG0067762,33,3.3342375281937726,-1.6788099494980264,0.1353,0.8647,0.8072,0.1926,False
N5.HOG0068330,35,3.490073678055152,0.5648877202895434,0.1387,0.8613,0.7912,0.2088,False
N5.HOG0068653,53,4.476217957111914,-3.018166569211086,0.2834,0.7166,0.8656,0.1343,False
N5.HOG0068970,49,3.761000133920842,-1.3544901792408683,0.3347,0.6653,0.6579,0.3421,False
N5.HOG0069036,68,3.5283813697579,-0.24822721528071404,0.0979,0.9021,0.4723,0.5277,False
N5.HOG0069576,66,5.001922381811168,-1.4708645596141792,0.0875,0.9124,0.9918,0.0082,False
N5.HOG0069593,46,3.845234362331638,-2.7921319977753605,0.2934,0.7066,0.8177,0.1823,False
N5.HOG0070070,50,4.41416145615961,-2.185415366233268,0.2354,0.7646,0.8469,0.1529,False
N5.HOG0071608,43,4.144355845805128,-0.8826461363765141,0.1857,0.8143,0.8063,0.1936,False
N5.HOG0071936,47,3.5002046475522643,-0.8490865319286833,0.3464,0.6536,0.795,0.205,False
N5.HOG0072336,36,3.5237500485498687,-0.27620129724452136,0.269,0.7308,0.5314,0.4686,False
N5.HOG0000276,30,-4.74159867890814,0.6117103996415089,0.7257,0.2743,0.5663,0.4337,False
N5.HOG0002210,32,-4.245186589982634,4.324675600920419,0.6882,0.3118,0.1658,0.8342,False
N5.HOG0003928,33,-4.064194170471088,4.7262211340046765,0.6999,0.3001,0.215,0.785,False
N5.HOG0006081,32,-4.236367583165544,3.8113737483076466,0.7104,0.2896,0.1716,0.8284,False
N5.HOG0006712,30,-4.74159867890814,4.7262211340046765,0.7257,0.2743,0.215,0.785,False
N5.HOG0007636,30,-4.19148371617221,2.0423577726292295,0.7179,0.2821,0.3426,0.6574,False
N5.HOG0007812,57,-4.024621392213354,2.8487797492157783,0.9581,0.0417,0.2946,0.7054,True
N5.HOG0008075,30,-4.767777661935683,3.136192377152537,0.8192,0.1808,0.1888,0.8112,False
N5.HOG0009661,30,-4.74159867890814,2.403479186627895,0.7257,0.2743,0.0792,0.9206,False
N5.HOG0009804,31,-4.471374085286955,4.818450663278675,0.7188,0.2812,0.0709,0.9291,False
N5.HOG0009975,33,-4.077714465689633,3.76427232960612,0.9899,0.0101,0.0108,0.9892,True
N5.HOG0010553,34,-4.417633898849768,2.405654712942968,0.7705,0.2294,0.0769,0.9231,False
N5.HOG0011256,31,-5.136975965571834,4.44125866935221,0.8558,0.1442,0.2179,0.7821,False
N5.HOG0011342,37,-3.97909798239394,3.5002506754231155,0.7412,0.2588,0.165,0.835,False
N5.HOG0011527,34,-3.8881337909921503,2.0463486548861356,0.7007,0.2993,0.2699,0.7298,False
N5.HOG0012182,36,-4.756963985611755,3.3712965246660374,0.8254,0.1746,0.489,0.511,False
N5.HOG0012855,30,-3.736494336190994,3.7555095682584527,0.8048,0.1952,0.0544,0.9456,False
N5.HOG0014034,30,-4.74159867890814,3.490100428751365,0.7257,0.2743,0.4072,0.5928,False
N5.HOG0014187,30,-4.191573239181255,3.5420359576983445,0.6992,0.3008,0.2026,0.7974,False
N5.HOG0014298,40,-4.296710031014492,3.908888836957306,0.99,0.01,0.0125,0.9875,True
N5.HOG0014464,34,-3.892611756285078,4.199642603963192,0.6695,0.3305,0.3527,0.6473,False
N5.HOG0014611,30,-4.191573239181255,0.9648426170257574,0.6992,0.3008,0.2679,0.7321,False
N5.HOG0015911,30,-4.767777661935683,3.9958146322058896,0.8192,0.1808,0.395,0.605,False
N5.HOG0017313,31,-4.4948753799741885,5.56912975791205,0.7925,0.2075,0.0293,0.9707,False
N5.HOG0017364,31,-5.0877577413684145,1.8662593731041288,0.8516,0.1484,0.5376,0.4624,False
N5.HOG0017650,39,-3.7751310746210933,1.8695182005474433,0.8177,0.1823,0.4692,0.5308,False
N5.HOG0017658,32,-3.777994194132655,1.5329961096231008,0.6995,0.3005,0.3754,0.6245,False
N5.HOG0017972,39,-3.767053392778235,1.7291720250259899,0.822,0.178,0.4584,0.5416,False
N5.HOG0018093,35,-3.746647748621071,4.452171578199036,0.6805,0.3195,0.0636,0.9364,False
N5.HOG0018884,57,-4.009847263001066,2.338374025624186,0.9499,0.0501,0.2428,0.7572,False
N5.HOG0019641,30,-4.183385356583279,2.4842987474812235,0.718,0.282,0.201,0.799,False
N5.HOG0019801,41,-4.184080619473213,2.409046729443465,0.9249,0.075,0.0514,0.9484,False
N5.HOG0019876,59,-3.8712032837897405,0.7294698835730129,0.9602,0.0397,0.0381,0.9619,True
N5.HOG0019890,50,-4.557561959244714,3.0862787616167937,0.9798,0.02,0.4202,0.5798,True
N5.HOG0020034,30,-4.74159867890814,1.9835144232277966,0.7257,0.2743,0.4614,0.5386,False
N5.HOG0020575,33,-4.056087394683391,4.151701214044605,0.7039,0.2961,0.1719,0.8281,False
N5.HOG0020854,30,-4.767296912474412,2.525506411950238,0.8507,0.1493,0.4346,0.5654,False
N5.HOG0021946,30,-4.74159867890814,4.5564889819321825,0.7257,0.2743,0.1755,0.8243,False
N5.HOG0022302,58,-3.9525357349608266,1.1599165510516742,0.9572,0.0426,0.4154,0.5846,True
N5.HOG0022755,30,-3.747396663000723,0.5648877202895434,0.5701,0.4299,0.7912,0.2088,False
N5.HOG0023214,36,-4.145458664054562,4.810191324807795,0.833,0.1669,0.1549,0.8451,False
N5.HOG0023346,32,-3.7595774352145725,2.4030708716662796,0.7892,0.2108,0.0851,0.9148,False
N5.HOG0023410,30,-4.1802345411442055,4.151316547499486,0.6187,0.3813,0.1618,0.8382,False
N5.HOG0023945,45,-4.976133309388231,1.1576267744393127,0.9836,0.0162,0.0408,0.9592,True
N5.HOG0023962,33,-4.0595259194790625,3.1269336300742414,0.9996,0.0004,0.033,0.9667,True
N5.HOG0024083,30,-3.7226478923908886,3.992415003629525,0.5928,0.4072,0.3578,0.6422,False
N5.HOG0024129,30,-4.74159867890814,1.8747844959108302,0.7257,0.2743,0.2217,0.7783,False
N5.HOG0024280,42,-4.021570324104282,0.5648877202895434,0.7979,0.2021,0.7912,0.2088,False
N5.HOG0024484,30,-4.74159867890814,5.058481731295571,0.7257,0.2743,0.1402,0.8598,False
N5.HOG0024499,35,-4.289068201574455,0.5648877202895434,0.8311,0.1688,0.7912,0.2088,False
N5.HOG0024501,31,-4.468870164785025,3.1207434713851816,0.7192,0.2808,0.4934,0.5066,False
N5.HOG0024700,41,-4.14485469360791,3.8659204624933157,0.7814,0.2185,0.0795,0.9205,False
N5.HOG0024950,34,-4.459958751024134,2.4089589237684685,0.8263,0.1737,0.2638,0.7362,False
N5.HOG0025123,59,-3.863944467445618,1.552265701439642,0.9533,0.0466,0.3733,0.6267,True
N5.HOG0025153,31,-4.464500893870241,5.111743929837356,0.9235,0.0765,0.0061,0.9939,False
N5.HOG0025193,30,-4.19004205997982,2.330008165542707,0.6044,0.3956,0.5124,0.4876,False
N5.HOG0025545,32,-3.803589313065416,0.9615451650542318,0.8276,0.1723,0.2411,0.7589,False
N5.HOG0025668,34,-4.444938629205571,2.9158786836063917,0.8509,0.1491,0.2451,0.7546,False
N5.HOG0026687,30,-4.74159867890814,3.9100673867959364,0.7257,0.2743,0.2559,0.7439,False
N5.HOG0026945,30,-4.74159867890814,2.6603453827877717,0.7257,0.2743,0.5025,0.4975,False
N5.HOG0027852,30,-4.74159867890814,1.7382566299644042,0.7257,0.2743,0.2016,0.7984,False
N5.HOG0027867,30,-4.74159867890814,3.056466392857555,0.7257,0.2743,0.3967,0.6033,False
N5.HOG0029132,31,-4.461656089460385,1.7019939851353507,0.7197,0.2803,0.5466,0.4534,False
N5.HOG0029220,37,-4.006374873763294,2.6808384195440276,0.8396,0.1604,0.155,0.845,False
N5.HOG0029492,32,-3.7785234487332353,2.355854269552203,0.6913,0.3087,0.1421,0.8579,False
N5.HOG0029701,33,-4.062517222693994,2.373377916701185,0.6877,0.3123,0.1735,0.8265,False
N5.HOG0030620,30,-4.1806133780321915,3.817660775354063,0.7107,0.2892,0.3275,0.6725,False
N5.HOG0030687,61,-3.7557990351461936,-0.2059705820950387,0.9412,0.0586,0.3768,0.6232,False
N5.HOG0030828,35,-3.756715479319574,1.4684134303868217,0.6798,0.3202,0.494,0.506,False
N5.HOG0030879,31,-4.476217957111914,4.150397852681992,0.7149,0.2851,0.1213,0.8787,False
N5.HOG0031024,31,-3.955136214502861,3.995049128097444,0.6813,0.3187,0.3526,0.6474,False
N5.HOG0031025,44,-3.8902533771483827,1.0565727942908705,0.9095,0.0905,0.1451,0.8549,False
N5.HOG0031683,30,-4.741373048262011,2.684118582041947,0.8177,0.1823,0.2947,0.7052,False
N5.HOG0031793,47,-4.776090538167439,0.3075325731273249,0.9985,0.0015,0.3888,0.6112,True
N5.HOG0031805,34,-3.934780700575114,3.5014646295185425,0.7617,0.2383,0.2149,0.7851,False
N5.HOG0031902,37,-3.969856754708783,3.7998088391935347,0.7107,0.2893,0.1614,0.8386,False
N5.HOG0032570,55,-4.154125196716887,3.1577462041389452,0.9673,0.0327,0.4418,0.5582,True
N5.HOG0032693,30,-4.74159867890814,3.533932120790342,0.7257,0.2743,0.3421,0.6579,False
N5.HOG0032756,33,-4.062323867294966,1.0793153956816428,0.6689,0.3311,0.3624,0.6376,False
N5.HOG0032771,31,-3.992836059289312,2.466113861451191,0.6414,0.3586,0.4842,0.5158,False
N5.HOG0032852,61,-3.735992052996541,0.33574476118793734,0.9468,0.0532,0.4715,0.5285,False
N5.HOG0033122,31,-4.473793563569945,2.043447508536941,0.7109,0.2891,0.0892,0.9106,False
N5.HOG0033138,55,-4.152649904383549,0.06081490192711522,0.9589,0.0411,0.4458,0.5542,True
N5.HOG0033192,35,-3.7386335534482904,1.5366612219305358,0.6858,0.3142,0.3668,0.6332,False
N5.HOG0033614,34,-3.8881337909921503,0.5865269302788993,0.7007,0.2993,0.5837,0.4163,False
N5.HOG0033862,31,-4.469942630832102,1.088152139741486,0.7197,0.2803,0.5402,0.4598,False
N5.HOG0034107,46,-3.750441228284325,3.1936389772820406,0.8922,0.1076,0.2033,0.7967,False
N5.HOG0034313,32,-3.7692741169569195,3.3745449343685063,0.7659,0.2341,0.3741,0.6259,False
N5.HOG0034708,31,-3.9547983460536478,2.9076087911819504,0.5967,0.4033,0.363,0.637,False
N5.HOG0035065,31,-4.471463608296,2.870529097003059,0.6996,0.3004,0.4867,0.5133,False
N5.HOG0035128,30,-3.741109377079578,3.1244306108241293,0.6039,0.3961,0.2256,0.7742,False
N5.HOG0035398,32,-4.277180053367418,2.3959730063869813,0.9124,0.0876,0.3048,0.6952,False
N5.HOG0035496,30,-3.7180143436343664,1.5329961096231008,0.528,0.472,0.3754,0.6245,False
N5.HOG0036182,43,-4.016485786738557,3.1097007436350643,0.9979,0.0021,0.0056,0.9944,True
N5.HOG0036442,45,-3.830393981842792,1.5006866819788651,0.8839,0.1161,0.3143,0.6855,False
N5.HOG0036771,36,-4.758960001904899,4.5966523991271915,0.8191,0.1809,0.1535,0.8465,False
N5.HOG0037131,61,-3.750682218048094,1.2816804650251046,0.9367,0.0633,0.215,0.785,False
N5.HOG0037512,30,-4.74159867890814,1.5315832432467824,0.7257,0.2743,0.3713,0.6287,False
N5.HOG0037538,36,-4.825115363831283,2.2732853263934323,0.9283,0.0717,0.2003,0.7997,False
N5.HOG0037633,32,-3.7701054854075426,1.751196412970913,0.7077,0.2923,0.4832,0.5168,False
N5.HOG0038575,33,-4.080786455060704,2.6805376009107107,0.8254,0.1746,0.3525,0.6475,False
N5.HOG0038814,57,-4.02926991682968,1.4646649278516548,0.951,0.0488,0.3061,0.6939,True
N5.HOG0038824,33,-4.632188040150547,3.632223343600255,0.9311,0.0689,0.028,0.972,False
N5.HOG0039086,35,-4.257593425383079,1.9736616476734852,0.7448,0.2552,0.0399,0.96,False
N5.HOG0039793,30,-3.7424867154050903,2.0115881815633467,0.8292,0.1708,0.4095,0.5905,False
N5.HOG0040129,52,-4.408706581689841,2.363218258559887,0.967,0.033,0.1004,0.8995,True
N5.HOG0040236,30,-4.74159867890814,3.298773721407306,0.7257,0.2743,0.2274,0.7724,False
N5.HOG0040303,38,-3.8804606701148296,1.9784611817006132,0.8226,0.1774,0.0353,0.9647,False
N5.HOG0040519,32,-3.773127377492486,2.7188191414398384,0.5878,0.4122,0.2155,0.7845,False
N5.HOG0040574,31,-3.9682260235485263,3.475771933987705,0.6914,0.3086,0.0205,0.9795,False
N5.HOG0041441,31,-3.949032892566199,1.7367994999216676,0.6577,0.3423,0.4861,0.5139,False
N5.HOG0041446,61,-3.72277436092786,1.6731020118046342,0.9351,0.0647,0.0207,0.9793,False
N5.HOG0041595,31,-5.136975965571834,4.187263665125951,0.8558,0.1442,0.0267,0.9732,False
N5.HOG0041752,61,-3.74550731981194,1.5143145752187226,0.941,0.0589,0.2305,0.7695,False
N5.HOG0041779,32,-4.243997214989058,2.0055830956530896,0.6765,0.3235,0.4312,0.5688,False
N5.HOG0041857,33,-4.073567172684638,2.068954351858572,0.928,0.0719,0.0581,0.9419,False
N5.HOG0042069,54,-4.225159636105615,2.9538002896661943,0.9657,0.0343,0.0085,0.9915,True
N5.HOG0042359,32,-3.77858428004741,3.2282930232690905,0.6082,0.3918,0.1288,0.8712,False
N5.HOG0042535,31,-4.471463608296,2.8350197451390073,0.6996,0.3004,0.1469,0.8531,False
N5.HOG0042844,57,-4.046715930221177,1.5727652289565817,0.9527,0.047,0.2668,0.7332,True
N5.HOG0042907,35,-3.7510052370492586,1.4635457978115427,0.672,0.328,0.4606,0.5394,False
N5.HOG0043044,33,-4.078615460609261,1.9941843331769573,0.8033,0.1967,0.5262,0.4738,False
N5.HOG0043154,32,-3.7713987573854686,3.473117969576617,0.5873,0.4127,0.0325,0.9675,False
N5.HOG0043432,30,-4.741373048262011,4.640884284653335,0.8177,0.1823,0.0624,0.9376,False
N5.HOG0043973,30,-4.74159867890814,2.0403573555480308,0.7257,0.2743,0.3248,0.6752,False
N5.HOG0044088,39,-3.769322854197967,0.23445472748878873,0.9671,0.0329,0.4293,0.5707,True
N5.HOG0044232,34,-3.907837732763663,1.4773873323486262,0.8595,0.1405,0.2098,0.7902,False
N5.HOG0044302,42,-4.044171073397298,2.478323446523397,0.768,0.2318,0.0044,0.9956,False
N5.HOG0044337,30,-3.7298172172957575,3.636449723406912,0.5759,0.4241,0.5009,0.4991,False
N5.HOG0044372,42,-4.029171210231489,1.4613635328928893,0.9259,0.0741,0.3212,0.6788,False
N5.HOG0044602,33,-4.0511578612219665,4.4368320510072214,0.7065,0.2935,0.3429,0.6571,False
N5.HOG0044630,33,-4.073396007221954,3.9859521423462723,0.838,0.162,0.161,0.839,False
N5.HOG0045312,31,-3.9631379840343857,2.690752273036493,0.6838,0.3161,0.1596,0.8404,False
N5.HOG0045780,40,-5.491658568000061,1.4680307444191556,0.9895,0.0105,0.1195,0.8805,True
N5.HOG0046112,32,-4.25661758796059,0.5900387509721099,0.6967,0.3033,0.568,0.4319,False
N5.HOG0046229,32,-4.253319497809721,3.634709429864813,0.687,0.313,0.0283,0.9717,False
N5.HOG0046521,30,-4.74159867890814,2.680571726453853,0.7257,0.2743,0.0515,0.9483,False
N5.HOG0046793,34,-3.897617109680542,2.3481924434609005,0.6789,0.3211,0.1791,0.8209,False
N5.HOG0047398,31,-3.9610163280163078,2.171714439632523,0.6067,0.3933,0.4361,0.5639,False
N5.HOG0047401,35,-4.234548393417143,1.3164633312403011,0.7981,0.2019,0.2547,0.7453,False
N5.HOG0047412,34,-3.9258490102601793,2.6679748379340795,0.7852,0.2148,0.4956,0.5044,False
N5.HOG0048183,57,-4.0078968709686995,0.3960480777242184,0.9595,0.0404,0.5747,0.4253,True
N5.HOG0048296,30,-4.74159867890814,2.0537510883689722,0.7257,0.2743,0.334,0.6659,False
N5.HOG0048445,35,-3.7485429231741443,2.1397736125092366,0.6691,0.3309,0.2413,0.7587,False
N5.HOG0048470,44,-3.8563116242507456,1.075483906617711,0.7332,0.2666,0.2101,0.7899,False
N5.HOG0048548,33,-4.049816655023187,2.2740424465732194,0.6909,0.3091,0.5129,0.4871,False
N5.HOG0048688,33,-4.0459203536189,3.13437728136432,0.6763,0.3237,0.1957,0.8043,False
N5.HOG0048727,31,-3.973321054508783,2.7578952838929225,0.5993,0.4007,0.1925,0.8075,False
N5.HOG0048783,30,-4.74159867890814,1.0903395418921569,0.7257,0.2743,0.5456,0.4544,False
N5.HOG0048817,30,-4.74159867890814,2.800937055346244,0.7257,0.2743,0.5237,0.4763,False
N5.HOG0048977,30,-4.74159867890814,1.9629844499143747,0.7257,0.2743,0.4504,0.5496,False
N5.HOG0049342,32,-4.239917349458147,1.0974212431033288,0.7008,0.2992,0.5364,0.4636,False
N5.HOG0050005,59,-3.8936805607668523,1.1830585599852594,0.9442,0.0557,0.1617,0.8383,False
N5.HOG0050075,32,-3.7720387210728292,2.753679730527774,0.5989,0.4011,0.396,0.604,False
N5.HOG0050407,31,-4.473793563569945,2.36815546590272,0.7109,0.2891,0.1565,0.8435,False
N5.HOG0050653,30,-4.74159867890814,1.7513892994939126,0.7257,0.2743,0.481,0.519,False
N5.HOG0050885,30,-4.74159867890814,2.048339143409655,0.7257,0.2743,0.3253,0.6745,False
N5.HOG0050894,57,-4.046582338388327,0.14277782195366043,0.9519,0.0477,0.3769,0.6231,True
N5.HOG0051184,30,-4.1843260791849195,0.5774765189757098,0.6183,0.3817,0.5959,0.4041,False
N5.HOG0051252,31,-3.964766707658497,2.418497810517489,0.7078,0.2922,0.3132,0.6868,False
N5.HOG0051513,30,-4.74159867890814,2.9113240329905965,0.7257,0.2743,0.2927,0.7071,False
N5.HOG0051535,34,-3.895851778016036,3.131513215278805,0.6642,0.3357,0.0374,0.9626,False
N5.HOG0051932,58,-3.9478537045725255,0.6619139080986303,0.9674,0.0326,0.0742,0.9258,True
N5.HOG0052288,33,-4.046819868303641,1.7646293436626599,0.7055,0.2945,0.1967,0.8033,False
N5.HOG0052660,57,-4.042040312295154,1.0819963979087628,0.9512,0.0485,0.1303,0.8697,True
N5.HOG0052737,32,-4.242883203239559,1.5358164939043857,0.716,0.284,0.3725,0.6275,False
N5.HOG0053013,30,-4.74159867890814,2.4151302573276276,0.7257,0.2743,0.0524,0.9476,False
N5.HOG0053138,55,-4.187211177254628,0.6678475745170254,0.947,0.0527,0.1752,0.8248,False
N5.HOG0053342,31,-4.471374085286955,2.695255795946678,0.7188,0.2812,0.0508,0.9491,False
N5.HOG0053389,61,-3.756941670506612,1.5297326449163875,0.9339,0.0658,0.4418,0.5582,False
N5.HOG0053649,43,-3.9785161403113483,2.1938658216671874,0.923,0.077,0.0307,0.9692,False
N5.HOG0053816,33,-4.058205746033464,4.14842038681258,0.7898,0.2102,0.323,0.677,False
N5.HOG0054187,30,-4.74159867890814,1.2688813549790026,0.7257,0.2743,0.2242,0.7758,False
N5.HOG0054245,32,-4.246525991756577,1.4505101738265447,0.7123,0.2877,0.5214,0.4786,False
N5.HOG0054320,43,-4.00055488734007,2.01701699655287,0.9511,0.0489,0.083,0.917,True
N5.HOG0054477,32,-4.253319497809721,1.9562912698121488,0.687,0.313,0.3328,0.6671,False
N5.HOG0054590,60,-3.8323028643528483,-0.19705532960511757,0.9936,0.0064,0.7871,0.2129,True
N5.HOG0054871,30,-4.74159867890814,3.4626812792421098,0.7257,0.2743,0.2812,0.7187,False
N5.HOG0054906,31,-3.962575666672878,2.196965225665033,0.5873,0.4127,0.5144,0.4856,False
N5.HOG0055076,32,-4.253319497809721,2.1651768509306364,0.687,0.313,0.1962,0.8038,False
N5.HOG0055123,31,-4.473793563569945,-0.38440184333594285,0.7109,0.2891,0.9898,0.0102,False
N5.HOG0055282,35,-3.778544363622848,2.1499447716783573,0.825,0.175,0.242,0.7579,False
N5.HOG0055321,38,-3.8517076502621146,1.7202246335018945,0.7008,0.2992,0.1908,0.8092,False
N5.HOG0055327,33,-4.100025127408352,1.1113548281667047,0.775,0.225,0.3409,0.659,False
N5.HOG0055339,34,-3.890626048603244,2.044536258201977,0.7992,0.2008,0.0883,0.9115,False
N5.HOG0055622,30,-4.192372015253765,2.672893567003394,0.612,0.388,0.3037,0.6961,False
N5.HOG0055819,32,-4.237327984261306,2.1798104544565957,0.7098,0.2902,0.4701,0.5299,False
N5.HOG0056129,34,-3.898643184386686,0.6046879154187719,0.6623,0.3377,0.3723,0.6277,False
N5.HOG0056448,30,-4.74159867890814,1.2639566542961835,0.7257,0.2743,0.5468,0.4532,False
N5.HOG0056454,31,-3.971591861216893,-0.5134835255541741,0.6569,0.3431,0.9072,0.0928,False
N5.HOG0056646,30,-4.190848068247066,2.0210556174143246,0.6112,0.3888,0.0517,0.9482,False
N5.HOG0056771,33,-4.064258711541742,1.6905089591295699,0.6878,0.3122,0.4792,0.5208,False
N5.HOG0056789,35,-4.2892044852621085,1.8721066787084915,0.8958,0.1042,0.2252,0.7748,False
N5.HOG0056992,31,-3.966220801125322,3.1119853956997225,0.6966,0.3034,0.1567,0.8433,False
N5.HOG0057000,39,-3.7364257824983085,1.5267660826011962,0.7457,0.2542,0.371,0.629,False
N5.HOG0057303,30,-4.74159867890814,2.670599570206019,0.7257,0.2743,0.1298,0.8702,False
N5.HOG0057389,41,-4.196164880766095,2.686330887960056,0.9219,0.0781,0.0704,0.9295,False
N5.HOG0057420,30,-4.191573239181255,-0.3746610917790761,0.6992,0.3008,0.9855,0.0145,False
N5.HOG0057896,56,-4.077262177401025,1.526579762802401,0.9554,0.0446,0.0173,0.9827,True
N5.HOG0057919,34,-3.890806900449999,2.168951535397093,0.8401,0.1599,0.4283,0.5717,False
N5.HOG0058187,56,-4.116370132021836,0.12472179899824119,0.9392,0.0605,0.6356,0.3643,False
N5.HOG0058376,31,-4.471463608296,2.185561796936678,0.6996,0.3004,0.4721,0.5279,False
N5.HOG0058457,30,-4.74159867890814,1.1053611570308746,0.7257,0.2743,0.5182,0.4818,False
N5.HOG0058568,38,-3.8897467653582445,0.6240597469653358,0.9085,0.0914,0.1863,0.8137,False
N5.HOG0058652,31,-4.475588937541734,2.0501458282773877,0.804,0.196,0.3383,0.6617,False
N5.HOG0058853,31,-3.972646749574658,2.199261261283491,0.6052,0.3948,0.156,0.844,False
N5.HOG0058862,30,-4.767777661935683,0.5648877202895434,0.8192,0.1808,0.7912,0.2088,False
N5.HOG0058931,30,-4.74159867890814,2.359787340692871,0.7257,0.2743,0.453,0.547,False
N5.HOG0058940,45,-3.82742658628732,1.1009575050863667,0.9123,0.0876,0.1235,0.8765,False
N5.HOG0058971,35,-3.746443013678442,2.405790562708982,0.6566,0.3434,0.3081,0.6916,False
N5.HOG0058982,30,-4.189684008475559,3.109504911193704,0.6185,0.3815,0.3102,0.6896,False
N5.HOG0059036,33,-4.073261107564703,1.5517582186689804,0.7012,0.2988,0.1374,0.8625,False
N5.HOG0059122,58,-3.9358368920028797,0.5924266685474787,0.9615,0.0384,0.3029,0.6971,True
N5.HOG0059196,61,-3.725616708669055,0.1595640126072907,0.942,0.058,0.2348,0.7652,False
N5.HOG0059223,32,-3.777331862227176,2.3980244392032057,0.6791,0.3209,0.3318,0.668,False
N5.HOG0059227,30,-4.192372015253765,2.0379889272449185,0.612,0.388,0.3591,0.6409,False
N5.HOG0059242,30,-4.767777661935683,0.5959199660176251,0.8192,0.1808,0.5613,0.4387,False
N5.HOG0059539,30,-4.74159867890814,3.2991534752752467,0.7257,0.2743,0.2783,0.7215,False
N5.HOG0059711,30,-4.74159867890814,3.1272670951112542,0.7257,0.2743,0.2804,0.7195,False
N5.HOG0059717,40,-5.482876538528978,2.8102915319562296,0.9869,0.013,0.1509,0.8491,True
N5.HOG0059968,61,-3.7537853926939233,-0.7072619422255578,0.9858,0.0142,0.7695,0.2305,True
N5.HOG0060106,30,-3.745237386455888,2.3937812423826386,0.5664,0.4336,0.3238,0.6759,False
N5.HOG0060120,32,-3.7941118665091085,1.54255651622508,0.6518,0.3482,0.3764,0.6236,False
N5.HOG0060128,31,-4.471463608296,1.5324311776699584,0.6996,0.3004,0.3714,0.6286,False
N5.HOG0060263,32,-4.276848320666404,1.4947907886251257,0.8355,0.1645,0.2917,0.7083,False
N5.HOG0060270,54,-4.262438574364291,0.6527261300271547,0.9504,0.0495,0.5133,0.4867,True
N5.HOG0060296,30,-4.74159867890814,3.9849594154172214,0.7257,0.2743,0.4963,0.5037,False
N5.HOG0060424,35,-3.7436819226880074,0.9479376324115758,0.6674,0.3326,0.3715,0.6284,False
N5.HOG0060432,30,-3.7259194820901067,1.470360029637517,0.5941,0.4059,0.1569,0.8431,False
N5.HOG0060588,30,-4.74159867890814,1.9835144235045241,0.7257,0.2743,0.1734,0.8266,False
N5.HOG0060615,31,-3.9695795220236954,1.102119333057717,0.6122,0.3878,0.5484,0.4516,False
N5.HOG0060692,32,-3.7776256184307315,0.588919819010535,0.6831,0.3169,0.5751,0.4249,False
N5.HOG0060700,32,-4.858632745601172,2.9203256430479763,0.8529,0.1471,0.2837,0.7161,False
N5.HOG0060821,30,-3.725448093517568,0.5648877202895434,0.6141,0.3859,0.7912,0.2088,False
N5.HOG0060945,35,-4.9954684273213505,2.908756197416189,0.9323,0.0676,0.0074,0.9926,False
N5.HOG0060953,32,-4.252870433415505,0.5687679295419988,0.6888,0.3112,0.5816,0.4184,False
N5.HOG0060993,61,-3.72845785084143,0.6401261294644505,0.9409,0.0589,0.0935,0.9065,False
N5.HOG0061123,35,-4.244942943241391,2.396109869714708,0.773,0.227,0.27,0.7299,False
N5.HOG0061134,34,-3.9028123762211426,1.7926440685710077,0.664,0.336,0.0526,0.9474,False
N5.HOG0061596,34,-3.880233755216556,1.8896840671818045,0.6865,0.3135,0.4776,0.5224,False
N5.HOG0061954,34,-4.4594423847487,2.052310278431557,0.8432,0.1568,0.0646,0.9354,False
N5.HOG0062309,31,-4.461656089460385,0.6159023753870551,0.7197,0.2803,0.2948,0.7052,False
N5.HOG0062355,36,-4.118400586682981,1.5358164939043857,0.7613,0.2387,0.3725,0.6275,False
N5.HOG0062448,34,-3.906420674505097,1.0253040843590469,0.6847,0.3153,0.5031,0.4969,False
N5.HOG0062461,44,-5.0697126318537915,0.010129333062734235,0.984,0.0158,0.6989,0.3011,True
N5.HOG0062468,31,-3.969728967960832,1.5358164939043857,0.6056,0.3944,0.3772,0.6228,False
N5.HOG0062543,30,-4.74159867890814,2.4240019245733095,0.7257,0.2743,0.0501,0.9499,False
N5.HOG0062550,55,-4.156298153283013,1.1332959634235793,0.999,0.001,0.0369,0.9631,True
N5.HOG0062677,33,-4.034288063545202,1.1225449303575867,0.7752,0.2248,0.2152,0.7848,False
N5.HOG0062774,40,-4.3006229907530535,0.5648877202895434,0.928,0.0719,0.7912,0.2088,False
N5.HOG0062846,32,-3.780000370798436,2.0412670490238374,0.6055,0.3945,0.3625,0.6372,False
N5.HOG0062874,30,-4.192372015253765,2.1628240097247224,0.612,0.388,0.4532,0.5468,False
N5.HOG0062896,34,-3.89778806901524,2.677016002221747,0.6613,0.3387,0.3218,0.6782,False
N5.HOG0062963,30,-4.74159867890814,2.9095174780295423,0.7257,0.2743,0.3019,0.6979,False
N5.HOG0063006,34,-3.8897192506529703,0.9684468898956899,0.6979,0.3021,0.5239,0.4761,False
N5.HOG0063202,53,-4.334615667602686,0.006644416676984134,0.9599,0.0398,0.8034,0.1966,True
N5.HOG0063539,60,-3.829012235525877,0.3978737753424886,0.9232,0.0764,0.3073,0.6927,False
N5.HOG0063591,33,-4.068266496674119,1.6901358934609063,0.6764,0.3236,0.2222,0.7778,False
N5.HOG0063607,31,-3.9698784320214164,2.6928372610510096,0.605,0.395,0.2432,0.7566,False
N5.HOG0063625,32,-3.7752432386622865,2.9154048588559203,0.5927,0.4073,0.2943,0.7055,False
N5.HOG0063956,43,-3.981995961210547,-1.487824357036839,0.9947,0.0053,0.844,0.156,True
N5.HOG0064116,34,-3.880902634728894,1.9696913441035198,0.6996,0.3004,0.3004,0.6996,False
N5.HOG0064121,35,-3.749106832627306,1.481368285672928,0.6635,0.3365,0.4935,0.5065,False
N5.HOG0064193,33,-4.064194170660446,1.1096940123072458,0.6929,0.3071,0.5143,0.4857,False
N5.HOG0064221,30,-4.74159867890814,2.041630733485336,0.7257,0.2743,0.34,0.6597,False
N5.HOG0064361,31,-3.965625710233517,0.5648877202895434,0.6041,0.3959,0.7912,0.2088,False
N5.HOG0064380,34,-6.454941143108156,0.5648877202895434,0.9929,0.0071,0.7912,0.2088,True
N5.HOG0064477,30,-4.74159867890814,1.5267660826011962,0.7257,0.2743,0.371,0.629,False
N5.HOG0064570,30,-4.767777661935683,1.7417995451375627,0.8192,0.1808,0.4627,0.5373,False
N5.HOG0064612,57,-4.042815115770433,-0.6937108521132508,0.9412,0.0586,0.9211,0.0789,False
N5.HOG0064664,32,-4.2533194975900885,0.5648877202895434,0.7086,0.2914,0.7912,0.2088,False
N5.HOG0064817,33,-5.3330264689782405,1.5139134896410487,0.8427,0.1573,0.2605,0.7395,False
N5.HOG0064891,33,-4.059105477646798,2.6834542195244215,0.6966,0.3034,0.308,0.6918,False
N5.HOG0064966,39,-3.73433333024437,2.043992006525737,0.7051,0.2948,0.3361,0.6639,False
N5.HOG0064984,30,-4.74159867890814,2.039993285675004,0.7257,0.2743,0.3352,0.6646,False
N5.HOG0065026,30,-4.74159867890814,0.5648877202895434,0.7257,0.2743,0.7912,0.2088,False
N5.HOG0065087,34,-4.416025140317002,1.5564691300025624,0.7836,0.2164,0.3625,0.6375,False
N5.HOG0065176,30,-4.74159867890814,1.5358164939043857,0.7257,0.2743,0.3772,0.6228,False
N5.HOG0065253,35,-4.293336336151212,1.0893484176057224,0.8353,0.1646,0.3648,0.6351,False
N5.HOG0065422,30,-4.74159867890814,2.043992006525737,0.7257,0.2743,0.3361,0.6639,False
N5.HOG0065475,30,-4.74159867890814,2.049965281014721,0.7257,0.2743,0.0657,0.9342,False
N5.HOG0065487,30,-4.735634436433726,1.5332784689132348,0.7871,0.2129,0.3679,0.6321,False
N5.HOG0065515,31,-3.9630983186745157,1.5417162321729652,0.6929,0.3071,0.1542,0.8457,False
N5.HOG0065740,33,-4.638557462752603,1.0989081602405248,0.8413,0.1587,0.2571,0.7429,False
N5.HOG0065888,30,-4.74159867890814,1.4602509253834115,0.7257,0.2743,0.5085,0.4915,False
N5.HOG0065976,34,-4.420792820587572,2.678572726156411,0.7682,0.2318,0.3068,0.693,False
N5.HOG0066079,31,-4.471463608296,2.044354868151918,0.6996,0.3004,0.3307,0.6693,False
N5.HOG0066315,30,-4.18085626393086,2.0479774811493177,0.6125,0.3875,0.2726,0.7274,False
N5.HOG0066449,61,-3.72386771491876,0.5647906632800551,0.9476,0.0522,0.4409,0.5591,False
N5.HOG0066521,57,-4.007816717213875,0.08479004508987635,0.9517,0.0483,0.8717,0.1283,True
N5.HOG0066563,33,-4.051413484429527,4.544429973322898,0.8012,0.1988,0.0614,0.9386,False
N5.HOG0066762,31,-4.472269616563246,0.5648877202895434,0.7087,0.2913,0.7912,0.2088,False
N5.HOG0066900,30,-4.74159867890814,2.393644134727484,0.7257,0.2743,0.2605,0.7393,False
N5.HOG0067180,31,-3.9654767545350555,0.58455340902983,0.6,0.4,0.5973,0.4027,False
N5.HOG0068033,32,-4.815693377014942,0.5648877202895434,0.7715,0.2285,0.7912,0.2088,False
N5.HOG0068045,61,-3.7565608115695865,0.5853700653194717,0.9434,0.0564,0.6314,0.3686,False
N5.HOG0068072,61,-3.724332336135185,-0.25077368136901046,0.9489,0.0509,0.8083,0.1917,False
N5.HOG0068184,31,-5.136975965571834,0.5648877202895434,0.8558,0.1442,0.7912,0.2088,False
N5.HOG0069739,44,-5.066456234759485,4.541511828375454,0.9877,0.0123,0.0004,0.9996,True
N5.HOG0069744,45,-3.8213019471002974,0.576480218673418,0.9499,0.05,0.409,0.591,True
N5.HOG0069905,58,-3.9722454981355844,0.37384097271130173,0.9421,0.0575,0.3436,0.6564,False
N5.HOG0069963,49,-4.6204217933292835,-0.7700637207975322,0.9793,0.0207,0.3815,0.6185,True
N5.HOG0070024,42,-4.106245591222404,2.7218312513294434,0.9018,0.098,0.0197,0.9803,False
N5.HOG0070077,32,-3.7768484438120518,4.4368320510072214,0.6001,0.3999,0.3429,0.6571,False
N5.HOG0070239,46,-3.7408170105545264,1.296026255836029,0.9032,0.0968,0.3838,0.6162,False
N5.HOG0070350,43,-3.992968333072412,1.5175458920644493,0.9788,0.021,0.5405,0.4595,True
N5.HOG0070436,31,-3.9715985551904764,2.1476395948489757,0.6075,0.3925,0.211,0.789,False
N5.HOG0071049,30,-3.7342002670467864,2.391777772570737,0.9976,0.0024,0.1183,0.8817,True
N5.HOG0071244,31,-3.9587318288906066,3.3736163145416844,0.7017,0.2982,0.4329,0.5671,False
N5.HOG0071398,30,-4.74159867890814,5.254623156246022,0.7257,0.2743,0.008,0.992,False
N5.HOG0071504,31,-3.9609159981437503,3.3417683394595494,0.7072,0.2928,0.3801,0.6199,False
N5.HOG0071969,31,-4.48681678680283,2.752540013298782,0.9204,0.0796,0.3762,0.6238,False
N5.HOG0072019,31,-3.948374642971972,3.62821059590615,0.7087,0.2913,0.0843,0.9157,False
N5.HOG0072074,32,-3.765151529175661,3.4720694910484813,0.6902,0.3098,0.0631,0.9367,False
N5.HOG0072445,40,-4.245435702685959,1.740760534715054,0.7875,0.2125,0.0822,0.9176,False
N5.HOG0072449,31,-4.461656089460385,2.5225002504369103,0.7197,0.2803,0.4016,0.5984,False
N5.HOG0072554,40,-5.473059160915187,2.4015726207408967,0.9892,0.0107,0.3195,0.6802,True
N5.HOG0072846,30,-4.74159867890814,3.4678706773634254,0.7257,0.2743,0.2815,0.7183,False
N5.HOG0072905,32,-4.242883203239559,1.991745460476021,0.716,0.284,0.184,0.816,False
N5.HOG0073065,31,-4.471463608296,2.1742223744082745,0.6996,0.3004,0.4623,0.5377,False
N5.HOG0073267,31,-4.466760913176475,1.1109664176295913,0.7129,0.2871,0.5165,0.4835,False
N5.HOG0073415,31,-5.136975965571834,2.6800167309254905,0.8558,0.1442,0.3149,0.685,False
N5.HOG0073419,33,-4.053764316445044,1.5481423337638298,0.7569,0.2431,0.3626,0.6374,False
N5.HOG0073533,30,-4.74159867890814,1.1189385916901782,0.7257,0.2743,0.5169,0.4831,False
N5.HOG0000428,30,-2.6790703285648165,2.6537271831081584,0.4736,0.5264,0.5296,0.4704,False
N5.HOG0001168,45,-2.3378810221814352,2.6968064633899704,0.6022,0.3978,0.5275,0.4725,False
N5.HOG0001310,37,-2.4377497746767696,2.4271173418001166,0.5957,0.4043,0.4012,0.5988,False
N5.HOG0002083,56,-2.95432720554133,3.2511625464893315,0.867,0.133,0.1557,0.8443,False
N5.HOG0002208,32,-3.0262901647725564,3.7352039935296824,0.4892,0.5108,0.4974,0.5026,False
N5.HOG0002262,36,-2.848988217346955,2.923440460116821,0.7386,0.2614,0.0647,0.9352,False
N5.HOG0002378,30,-2.6727262423617395,2.692947282814413,0.4869,0.5131,0.2981,0.7016,False
N5.HOG0003924,49,-2.3892405853939898,2.4296957253861193,0.5949,0.4051,0.3244,0.6756,False
N5.HOG0003927,37,-3.489877395789717,4.473702924096562,0.6769,0.3231,0.2288,0.7712,False
N5.HOG0003959,61,-1.5124533317560382,2.7850170055112073,0.4325,0.5675,0.2629,0.7371,False
N5.HOG0004030,40,-3.189714433695694,3.712277743281858,0.7947,0.2053,0.4664,0.5336,False
N5.HOG0004033,35,-2.662871516196661,3.466399233415862,0.8061,0.1939,0.027,0.9728,True
N5.HOG0004235,31,-3.1665013147264265,4.317220012708115,0.4925,0.5075,0.4281,0.5719,False
N5.HOG0004281,44,-2.8050754375160745,3.625388219684252,0.5975,0.4023,0.2489,0.7511,False
N5.HOG0004303,49,-2.4061311932018503,2.5516750165164215,0.5991,0.4009,0.2942,0.7058,False
N5.HOG0004350,41,-3.0885650523155803,2.548260912875068,0.6093,0.3905,0.5058,0.4942,False
N5.HOG0005147,42,-2.304489709283964,3.1659630489076083,0.5843,0.4157,0.0965,0.9035,False
N5.HOG0005150,54,-3.106964144235412,2.5031286464188898,0.9939,0.0061,0.0255,0.9745,True
N5.HOG0006060,38,-0.49507342904706636,2.4634968084174034,0.4523,0.5477,0.069,0.931,False
N5.HOG0006062,43,-3.313012388774417,2.923121695338294,0.803,0.197,0.4701,0.5299,False
N5.HOG0006692,43,-2.2006409966924743,3.498267609425014,0.4865,0.5135,0.5022,0.4978,False
N5.HOG0006697,32,-2.162184519855986,2.9106869876749535,0.6181,0.3819,0.0585,0.9414,False
N5.HOG0007063,46,-1.1942188214622442,2.48727292523568,0.7412,0.2588,0.0656,0.9344,False
N5.HOG0007070,33,-3.2439739278022413,3.3048409628271576,0.5584,0.4416,0.2768,0.7232,False
N5.HOG0007082,39,-3.2690794245418258,3.4908965240083227,0.6316,0.3683,0.229,0.771,False
N5.HOG0007641,57,-0.150317296107425,2.5181824740245617,0.5197,0.4803,0.0252,0.9747,True
N5.HOG0007656,74,-0.7592248256516054,2.508558375058126,0.5956,0.4044,0.2995,0.7005,False
N5.HOG0007702,32,-3.0087415331700793,4.165156387102833,0.6765,0.3235,0.0742,0.9258,False
N5.HOG0007712,36,-2.2540160916771215,2.7497201035950805,0.5387,0.4613,0.054,0.946,False
N5.HOG0007812,57,-4.024621392213354,2.8487797492157783,0.9581,0.0417,0.2946,0.7054,False
N5.HOG0007833,44,-2.109225824875944,2.933065758833505,0.7387,0.2613,0.1026,0.8974,False
N5.HOG0008092,30,-2.9825232384019786,2.5038351032127437,0.4874,0.5126,0.3292,0.6708,False
N5.HOG0008396,36,-3.609622442032367,3.6959386488640527,0.9315,0.0685,0.0741,0.9259,False
N5.HOG0008597,50,-2.7846178720576837,2.508589991917168,0.7853,0.2147,0.3179,0.6821,False
N5.HOG0008802,46,-3.0599604819822215,2.883332419484699,0.8989,0.1011,0.0107,0.9893,True
N5.HOG0008813,55,-1.5984108718789247,2.6158840695541024,0.512,0.488,0.3217,0.6783,False
N5.HOG0009510,35,-2.645879821579994,2.433950440393792,0.9656,0.0344,0.1888,0.811,False
N5.HOG0009733,38,-1.8254880748303972,3.3025679474240843,0.605,0.395,0.0261,0.9738,True
N5.HOG0009762,32,-3.3705870004167955,4.139141284939724,0.701,0.299,0.1802,0.8198,False
N5.HOG0009839,46,-2.6431815175613784,3.906447089017478,0.5974,0.4026,0.2408,0.7592,False
N5.HOG0009935,49,-2.393451709534354,3.504115681828729,0.5939,0.4061,0.2604,0.7396,False
N5.HOG0009976,30,-2.367288080727352,3.622518295169014,0.57,0.43,0.2082,0.7918,False
N5.HOG0010876,36,-2.556882746480372,3.6300451774517986,0.6461,0.3538,0.2352,0.7648,False
N5.HOG0010877,53,-2.5330152841180213,2.7240000377366287,0.6653,0.3346,0.1708,0.8292,False
N5.HOG0010880,32,-2.7025412236603823,4.82436184108512,0.5229,0.4771,0.1659,0.834,False
N5.HOG0011175,31,-1.2540015625471088,2.850667908553867,0.8419,0.1581,0.0166,0.9833,True
N5.HOG0011246,33,-2.888488702562684,2.8659359432204647,0.5984,0.4016,0.4816,0.5184,False
N5.HOG0011349,34,-2.763739355592449,4.044440337892035,0.4839,0.5161,0.1838,0.816,False
N5.HOG0011356,32,-3.0219417725172892,3.123094198889242,0.4875,0.5125,0.2957,0.7041,False
N5.HOG0011514,56,-1.5515539168969181,3.2939063436445633,0.9186,0.0814,0.0111,0.9889,True
N5.HOG0012042,30,-2.115991688130956,3.3025679474240848,0.8655,0.1345,0.2754,0.7244,False
N5.HOG0012070,36,-3.1824397563086206,3.5399402622784923,0.8202,0.1798,0.0057,0.9943,True
N5.HOG0012071,30,-3.3484562704774823,4.143908483212325,0.492,0.508,0.4223,0.5777,False
N5.HOG0012192,43,-2.897817441351186,3.5530506815453227,0.6204,0.3795,0.2479,0.7521,False
N5.HOG0012194,31,-3.1710362438417867,2.689532643602959,0.4906,0.5094,0.2987,0.7011,False
N5.HOG0012374,38,-3.3796174868897624,3.1355186826325956,0.9336,0.0664,0.4856,0.5144,False
N5.HOG0012535,37,-2.447854432642484,2.6609403742717146,0.4973,0.5027,0.458,0.542,False
N5.HOG0012874,31,-3.5659881485355704,3.1351970010865284,0.6908,0.3092,0.4625,0.5375,False
N5.HOG0012893,43,-1.6372746079070692,2.5309108138837337,0.5869,0.4131,0.1011,0.8989,False
N5.HOG0013093,33,-2.296703285120268,3.12378561904117,0.4783,0.5217,0.471,0.529,False
N5.HOG0013109,44,-2.134786112646684,2.5333208454613456,0.5102,0.4898,0.5173,0.4827,False
N5.HOG0013383,44,-3.282254899175255,3.5353907364330506,0.7871,0.2129,0.0081,0.9919,True
N5.HOG0013422,51,-1.896197446817396,2.8851207232408544,0.4926,0.5074,0.3878,0.6122,False
N5.HOG0013451,39,-2.8779074607391713,3.1340567839594624,0.6484,0.3515,0.1259,0.8741,False
N5.HOG0013452,40,-3.153854985418388,2.8839854292603375,0.733,0.2669,0.1902,0.8098,False
N5.HOG0013572,31,-2.538147746633,3.297862011694448,0.4821,0.5179,0.2288,0.7709,False
N5.HOG0013819,45,-2.0247998391380353,3.1262453851812704,0.9849,0.0151,0.0001,0.9999,True
N5.HOG0013842,34,-2.197774593268798,2.6901941794495117,0.5981,0.4019,0.3134,0.6866,False
N5.HOG0014288,34,-3.457059298166513,2.975512364130392,0.5976,0.4024,0.2508,0.749,False
N5.HOG0014440,43,-2.534216160773786,3.215538081804535,0.5922,0.4078,0.2134,0.7866,False
N5.HOG0014471,39,-2.5664421029410303,2.770318517576979,0.8124,0.1876,0.257,0.743,False
N5.HOG0014534,30,-3.329085450937047,2.820977417971834,0.4909,0.5091,0.4267,0.5733,False
N5.HOG0014548,56,-1.5265016677393812,2.444092878568584,0.4937,0.5062,0.2968,0.7032,False
N5.HOG0014559,49,-2.43931475561261,2.7091217065456537,0.7162,0.2838,0.4278,0.5722,False
N5.HOG0015039,62,-1.456152070296663,2.445983478708854,0.6311,0.3689,0.1219,0.8781,False
N5.HOG0015440,54,-2.4293855567915164,4.418356166629249,0.7368,0.2632,0.0592,0.9408,False
N5.HOG0015941,30,-2.1123085735727143,2.683121922611916,0.5063,0.4937,0.3089,0.6911,False
N5.HOG0016295,46,-2.284494441822729,2.7914102253849737,0.5287,0.4713,0.223,0.777,False
N5.HOG0016655,39,-2.574869603473144,3.464368161108797,0.6529,0.3471,0.3726,0.6274,False
N5.HOG0016662,61,-2.5305623570292664,3.1500075676471737,0.6408,0.359,0.1358,0.8642,False
N5.HOG0016671,32,-1.894263551645388,2.870991470085291,0.8033,0.1967,0.1028,0.8972,False
N5.HOG0016939,46,-2.6264169405298277,2.9912921186707484,0.6264,0.3736,0.1707,0.8293,False
N5.HOG0017307,32,-3.3771140464999214,2.99610704190916,0.5767,0.4233,0.3847,0.6153,False
N5.HOG0017312,36,-3.6262577564406238,4.469993819806017,0.6646,0.3353,0.2177,0.7823,False
N5.HOG0017313,31,-4.4948753799741885,5.56912975791205,0.7925,0.2075,0.0293,0.9707,True
N5.HOG0017382,51,-1.9002511244343754,2.654581103488433,0.5486,0.4513,0.3094,0.6906,False
N5.HOG0017831,63,-1.3552173204250484,2.8687230224236053,0.4302,0.5698,0.4043,0.5957,False
N5.HOG0018973,39,-2.9122374518106273,3.5357082357307457,0.6947,0.3053,0.3759,0.6241,False
N5.HOG0018994,31,-3.5244160565104776,3.988937356975341,0.5776,0.4224,0.4525,0.5475,False
N5.HOG0019636,37,-2.739711203210333,2.683719112012146,0.557,0.443,0.4481,0.5519,False
N5.HOG0019890,50,-4.557561959244714,3.0862787616167937,0.9798,0.02,0.4202,0.5798,False
N5.HOG0020361,32,-3.3672154912710703,2.6864414132401864,0.9965,0.0035,0.3086,0.6911,False
N5.HOG0020489,40,-3.170010491924182,2.923389698503367,0.6474,0.3525,0.5088,0.4912,False
N5.HOG0020754,33,-1.557034066438737,2.682235416077484,0.9277,0.0723,0.3171,0.6827,False
N5.HOG0020985,30,-2.9877027696218788,2.4167477637615695,0.4828,0.5172,0.3102,0.6897,False
N5.HOG0021147,63,-3.5970813739550884,4.467543525003336,0.9192,0.0803,0.0019,0.9981,True
N5.HOG0021199,60,-0.9249821863434705,3.4785187972510734,0.4581,0.5419,0.3836,0.6164,False
N5.HOG0021244,34,-1.459624654034201,2.67734972965774,0.7013,0.2987,0.3134,0.6865,False
N5.HOG0021456,38,-2.349685765496818,2.8070920527666656,0.7126,0.2874,0.4827,0.5173,False
N5.HOG0021707,36,-1.9971380028900423,2.9639535213965416,0.4898,0.5102,0.4061,0.5939,False
N5.HOG0021746,31,-2.8332524237733314,3.339583036298127,0.4858,0.5142,0.5013,0.4987,False
N5.HOG0022330,40,-3.194541663290702,2.4182287248966152,0.8983,0.1017,0.047,0.9529,True
N5.HOG0022376,65,-1.67121937319908,3.8875317509206946,0.6169,0.3831,0.255,0.745,False
N5.HOG0022420,35,-2.3545447175657377,3.0113959074942698,0.4815,0.5185,0.4743,0.5257,False
N5.HOG0022470,34,-2.7683238076464445,3.8603834316318926,0.6964,0.3036,0.0534,0.9466,False
N5.HOG0022614,52,-1.5228326444076603,2.6635360853565504,0.5395,0.4605,0.0323,0.9677,True
N5.HOG0022832,32,-3.0188489954444977,3.4729083128579665,0.967,0.033,0.2728,0.7272,False
N5.HOG0022873,45,-3.1707270253292634,3.1525655679158664,0.6694,0.3304,0.4786,0.5214,False
N5.HOG0022990,30,-2.9818595703993633,2.7911869755462306,0.4876,0.5124,0.5248,0.4752,False
N5.HOG0023116,31,-3.5545082069731984,3.7976182979678828,0.7018,0.2982,0.1703,0.8297,False
N5.HOG0023219,43,-1.402238173632924,3.102088153505349,0.956,0.044,0.0478,0.9522,True
N5.HOG0024171,61,-1.968233530299974,3.105068395732158,0.5411,0.4589,0.0138,0.9862,True
N5.HOG0024293,31,-2.250905482118074,2.4481119085341527,0.4783,0.5217,0.4817,0.5183,False
N5.HOG0024591,39,-2.8654411318688635,3.1181573060528467,0.8028,0.1972,0.0317,0.9683,True
N5.HOG0024913,60,-2.058402202356892,2.5572862680143045,0.6498,0.3501,0.2702,0.7298,False
N5.HOG0025081,32,-2.1380223094657897,2.6229213637802773,0.4771,0.5229,0.4796,0.5204,False
N5.HOG0025153,31,-4.464500893870241,5.111743929837356,0.9235,0.0765,0.0061,0.9939,True
N5.HOG0025229,33,-1.3354150005521368,3.469901084568802,0.9561,0.0439,0.0386,0.9614,True
N5.HOG0025546,34,-3.45047921756758,2.926266763015759,0.6818,0.3182,0.0456,0.9542,True
N5.HOG0025615,33,-2.889617118509424,2.6955852797413082,0.7372,0.2628,0.0408,0.9591,True
N5.HOG0026436,43,-3.388537386254615,2.8318882899291418,0.7651,0.2349,0.2414,0.7586,False
N5.HOG0026657,48,-2.1043506702888326,2.7342154301624446,0.678,0.322,0.3794,0.6206,False
N5.HOG0026680,41,-3.06621849342273,2.8155562999155723,0.6379,0.3621,0.1457,0.8543,False
N5.HOG0027427,33,-1.3178758455548898,2.680571726453853,0.9937,0.0063,0.0176,0.9824,True
N5.HOG0027442,82,2.1994927393521486,2.4301290899112082,0.329,0.6705,0.0184,0.9816,True
N5.HOG0028062,75,-2.4482665338712613,2.4818042871139663,0.8058,0.1939,0.5211,0.4789,False
N5.HOG0028124,43,-1.9407484413739415,3.009435990157649,0.7208,0.2792,0.1813,0.8187,False
N5.HOG0028214,46,-3.1014492858418707,3.527036923310754,0.8476,0.1524,0.3883,0.6117,False
N5.HOG0028221,73,-2.688693411202298,2.482004448751085,0.8527,0.1469,0.0927,0.9073,False
N5.HOG0028305,30,-2.383172109673862,2.7781908749694058,0.4677,0.5323,0.5272,0.4728,False
N5.HOG0028536,50,-2.3406117170534624,2.868710995437205,0.6092,0.3907,0.1212,0.8788,False
N5.HOG0028627,53,-2.1470182597619916,2.421404353518683,0.7114,0.2886,0.4946,0.5054,False
N5.HOG0028649,35,-1.8488642213023454,2.9063747983470387,0.8255,0.1745,0.2477,0.7522,False
N5.HOG0028668,34,-0.5915718639381503,2.6903044057199974,0.5011,0.4989,0.2938,0.7059,False
N5.HOG0029225,50,-2.3158493515334033,2.88649819894608,0.5867,0.4132,0.2312,0.7688,False
N5.HOG0029373,30,-0.9222834901883423,2.9159734311282723,0.7196,0.2804,0.3153,0.6845,False
N5.HOG0030009,38,-2.651043746407241,4.054787269212539,0.5038,0.4962,0.0473,0.9527,True
N5.HOG0030382,49,-2.409802528972432,2.5477187652712017,0.5672,0.4327,0.1835,0.8165,False
N5.HOG0030480,34,-3.097418776355885,2.6616356513755592,0.5658,0.4342,0.5284,0.4716,False
N5.HOG0030575,38,-3.3681339006595654,3.7695579041772134,0.6679,0.3321,0.2318,0.7682,False
N5.HOG0031638,48,-1.8215672745344802,2.8093238696356493,0.5321,0.4679,0.2182,0.7818,False
N5.HOG0031641,30,-0.5194146387422536,2.4187668408637126,0.4518,0.5482,0.3178,0.682,False
N5.HOG0031908,37,-0.17339157951735268,2.913792781851775,0.5369,0.4631,0.0063,0.9937,True
N5.HOG0032394,43,-2.927659176797701,3.094219727127673,0.6356,0.3644,0.3693,0.6307,False
N5.HOG0032433,78,-0.025730558740530138,2.690414623477245,0.3679,0.632,0.2986,0.7012,False
N5.HOG0032570,55,-4.154125196716887,3.1577462041389452,0.9673,0.0327,0.4418,0.5582,False
N5.HOG0032599,66,-1.5367375736038422,3.4698835306643994,0.4486,0.5513,0.3481,0.6519,False
N5.HOG0032671,38,-0.7010438822037688,2.661241528772538,0.805,0.195,0.0649,0.9351,False
N5.HOG0032766,84,0.5893365170673915,3.151220473077799,0.4185,0.5811,0.0001,0.9999,True
N5.HOG0032845,34,-2.4617706574222673,2.9179618100963305,0.4771,0.5229,0.2965,0.7032,False
N5.HOG0032963,40,-1.912768181836674,2.777695727160977,0.4668,0.5332,0.3978,0.6022,False
N5.HOG0033144,57,-1.1352090918832927,2.7038316656973054,0.4392,0.5608,0.4114,0.5886,False
N5.HOG0033193,84,0.5893365170673915,3.951819596194068,0.4185,0.5811,0.0741,0.9258,False
N5.HOG0033235,44,-1.5674670009019385,2.5363567146801347,0.5637,0.4363,0.5264,0.4736,False
N5.HOG0033302,37,-3.4831008251707076,4.198003752869026,0.6583,0.3417,0.2217,0.7783,False
N5.HOG0033369,51,-1.8983283376301314,3.09963670208644,0.5331,0.4669,0.3191,0.6809,False
N5.HOG0033891,32,-0.7637276185178701,3.1179059031663514,0.5437,0.4563,0.29,0.7099,False
N5.HOG0033903,52,-2.6417908832404686,2.5074903725343574,0.7815,0.2184,0.0742,0.9258,False
N5.HOG0034890,32,-1.885730947995861,2.7983439146884113,0.4725,0.5275,0.5196,0.4804,False
N5.HOG0035074,49,-2.408918978824188,3.495424292124704,0.5911,0.4089,0.2717,0.7283,False
N5.HOG0035085,81,-1.366362807227169,2.5023418436454588,0.8223,0.1775,0.0102,0.9898,True
N5.HOG0035302,83,-0.501754904703397,2.933925120627165,0.5932,0.4064,0.1377,0.8622,False
N5.HOG0035743,38,-2.985415382061613,3.8125628677751773,0.5702,0.4298,0.443,0.557,False
N5.HOG0035956,30,-1.6288238299756903,2.5943163043834536,0.9644,0.0356,0.3347,0.6653,False
N5.HOG0036167,65,-1.18872813497113,3.089041759610365,0.4134,0.5864,0.3336,0.6664,False
N5.HOG0036329,51,-1.9121790995659647,2.795457944512595,0.6408,0.3592,0.1992,0.8008,False
N5.HOG0036454,32,-3.3786608057314553,2.921304504649141,0.6874,0.3126,0.4862,0.5138,False
N5.HOG0036853,38,-2.6664852462754443,2.5185920040929832,0.6106,0.3894,0.0601,0.9399,False
N5.HOG0036877,82,-0.9975140532320038,3.797626950004834,0.7535,0.2463,0.0006,0.9994,True
N5.HOG0036884,31,-3.1697876463997696,3.722610737864897,0.4872,0.5128,0.5005,0.4995,False
N5.HOG0037134,35,-2.991658720961854,3.1950065454057803,0.8714,0.1286,0.2896,0.7104,False
N5.HOG0037243,31,-3.162940546836641,3.477000514721368,0.4918,0.5082,0.5024,0.4976,False
N5.HOG0037429,84,0.5893365170673915,2.8659388354421393,0.4185,0.5811,0.4846,0.5154,False
N5.HOG0037817,63,-1.829249444565303,2.888014631580501,0.5758,0.4241,0.3517,0.6483,False
N5.HOG0037962,81,-1.3517316014246754,3.0818784272333613,0.6793,0.3202,0.0035,0.9965,True
N5.HOG0038143,40,-2.8089151282736435,3.4836456276396315,0.7872,0.2128,0.2854,0.7145,False
N5.HOG0038774,34,-3.4714845924209956,2.922134099643247,0.5737,0.4263,0.4299,0.5701,False
N5.HOG0038824,33,-4.632188040150547,3.632223343600255,0.9311,0.0689,0.028,0.972,True
N5.HOG0039153,37,-3.0927634034060714,3.6269595941417476,0.5415,0.4585,0.3402,0.6598,False
N5.HOG0040014,83,-0.4874846886275354,2.9947507132604447,0.593,0.4067,0.3017,0.6983,False
N5.HOG0040158,57,-2.912023837045475,3.2806010482408867,0.809,0.191,0.3295,0.6705,False
N5.HOG0040574,31,-3.9682260235485263,3.475771933987705,0.6914,0.3086,0.0205,0.9795,True
N5.HOG0040708,58,-1.0731302393315671,2.836428322090791,0.3755,0.6245,0.3863,0.6137,False
N5.HOG0040791,30,-2.680652268959237,2.826641650680019,0.483,0.517,0.2761,0.7239,False
N5.HOG0040849,33,-3.226647146527643,2.4545835816770563,0.5245,0.4755,0.5205,0.4795,False
N5.HOG0041069,42,-3.4700645123055383,2.9314351736657747,0.9097,0.0902,0.0478,0.952,True
N5.HOG0041122,63,-1.8115344493852743,3.0767368092208534,0.8411,0.1588,0.1526,0.8474,False
N5.HOG0041176,42,-2.628024426966384,3.1658179641081277,0.5374,0.4626,0.4761,0.5239,False
N5.HOG0041240,80,-1.6289325122437983,3.4661889483783423,0.7789,0.2208,0.0236,0.9764,True
N5.HOG0041356,45,-2.7339327099092654,2.5164624394729436,0.5912,0.4087,0.2719,0.7281,False
N5.HOG0041374,40,-2.476030810863343,2.445745909105711,0.4921,0.5079,0.5228,0.4772,False
N5.HOG0041490,32,-2.1404580480996986,2.529249108722555,0.9906,0.0094,0.1795,0.8205,False
N5.HOG0041546,35,-1.3775015687522443,2.6931673018905005,0.6372,0.3628,0.2975,0.7023,False
N5.HOG0041595,31,-5.136975965571834,4.187263665125951,0.8558,0.1442,0.0267,0.9732,True
N5.HOG0041748,32,-2.7075168494658297,3.303022761268525,0.6124,0.3876,0.2792,0.7206,False
N5.HOG0042025,42,-1.9871686494599652,2.5473062416749226,0.5941,0.4059,0.112,0.888,False
N5.HOG0042385,49,-3.506206258011972,2.6900241268827854,0.8974,0.1026,0.2641,0.7359,False
N5.HOG0042738,42,-2.981642716077802,3.346625193582933,0.6761,0.3239,0.2121,0.7879,False
N5.HOG0042811,47,-1.6271508525930076,2.8778524708130133,0.5804,0.4196,0.3703,0.6297,False
N5.HOG0042820,51,-2.246953347845243,2.9078040741608913,0.5891,0.4109,0.2551,0.7447,False
N5.HOG0042822,84,0.5893365170673915,2.457032916775866,0.4185,0.5811,0.5049,0.4951,False
N5.HOG0043099,42,-3.0033282676629836,3.108578311401952,0.7776,0.2224,0.0155,0.9845,True
N5.HOG0043154,32,-3.7713987573854686,3.473117969576617,0.5873,0.4127,0.0325,0.9675,True
N5.HOG0043279,58,-2.161617363162799,2.983306344738811,0.5875,0.4125,0.2683,0.7317,False
N5.HOG0043491,39,-2.9061049663822414,2.673680412459015,0.7854,0.2146,0.0158,0.9842,True
N5.HOG0043495,32,-3.375307875490228,3.0541336308501226,0.5933,0.4067,0.3953,0.6047,False
N5.HOG0043513,83,-0.4874846886275354,3.9327749669105887,0.593,0.4067,0.0904,0.9095,False
N5.HOG0043841,65,-3.416279008927181,3.088353027831179,0.8974,0.1024,0.3843,0.6157,False
N5.HOG0044023,84,0.5893365170673915,3.472549737491939,0.4185,0.5811,0.382,0.618,False
N5.HOG0044302,42,-4.044171073397298,2.478323446523397,0.768,0.2318,0.0044,0.9956,True
N5.HOG0044336,84,0.5893365170673915,2.9605633447550295,0.4185,0.5811,0.4315,0.5685,False
N5.HOG0044338,33,-3.22525723576788,2.666788037975277,0.5879,0.4121,0.5233,0.4767,False
N5.HOG0044350,63,-2.42659378859025,2.4250470392089736,0.901,0.0989,0.2123,0.7877,False
N5.HOG0044358,41,-2.680491595263595,3.4966518177133614,0.6541,0.3459,0.4619,0.5381,False
N5.HOG0044432,40,-3.189714433695694,2.6213508181023704,0.7947,0.2053,0.4008,0.5992,False
N5.HOG0044471,51,-2.264349441722443,2.683897162747234,0.5337,0.4661,0.2988,0.7012,False
N5.HOG0044992,30,-2.120860241184775,3.099419258754479,0.4967,0.5033,0.3701,0.6299,False
N5.HOG0045186,30,-3.334188353883078,2.693827156206328,0.7509,0.2491,0.0494,0.9505,True
N5.HOG0045288,39,-2.8853431475069566,3.3021888551483465,0.534,0.466,0.0402,0.9596,True
N5.HOG0045483,83,-0.47104305203375824,2.8333209134985795,0.6503,0.3495,0.0811,0.9188,False
N5.HOG0045993,55,-1.9556530279069886,4.058375057309769,0.547,0.453,0.1471,0.8529,False
N5.HOG0046054,39,-3.2813667991366584,3.2346919182743443,0.6236,0.3763,0.1905,0.8093,False
N5.HOG0046173,80,-1.6133617373329088,2.4933174371672995,0.8026,0.197,0.2664,0.7336,False
N5.HOG0046229,32,-4.253319497809721,3.634709429864813,0.687,0.313,0.0283,0.9717,True
N5.HOG0046381,84,0.5893365170673915,2.425726114620059,0.4185,0.5811,0.3245,0.6755,False
N5.HOG0046392,32,-2.1387672910341124,3.474585020257116,0.5413,0.4587,0.2772,0.7228,False
N5.HOG0046616,33,-2.897318652554764,2.9757430484056777,0.4857,0.5143,0.3481,0.6519,False
N5.HOG0046643,46,-2.649167709926188,3.62914521031952,0.5755,0.4245,0.0447,0.9553,True
N5.HOG0046813,31,-2.5268713072168487,3.305598050740641,0.9762,0.0238,0.2787,0.7211,False
N5.HOG0046862,37,-3.50625231080667,2.679572577684923,0.9212,0.0788,0.3002,0.6995,False
N5.HOG0047152,84,0.5893365170673915,3.1271636289231437,0.4185,0.5811,0.359,0.6409,False
N5.HOG0047325,49,-0.5320219291574475,2.5175663552792367,0.7579,0.2421,0.068,0.932,False
N5.HOG0047537,62,-1.4476787778817448,2.4742159627061664,0.5354,0.4646,0.4138,0.5862,False
N5.HOG0047569,31,-3.5411667855689446,3.2497847554706945,0.7768,0.2232,0.1894,0.8104,False
N5.HOG0047615,31,-3.180722972091423,2.914267094322331,0.4876,0.5124,0.2948,0.705,False
N5.HOG0047628,84,0.5893365170673915,2.7637529307225392,0.4185,0.5811,0.4308,0.5692,False
N5.HOG0048271,83,1.642182032160638,2.5711006833022316,0.0888,0.9112,0.4422,0.5578,False
N5.HOG0048291,58,-2.7425407364025074,3.368898594006241,0.6997,0.3003,0.4698,0.5302,False
N5.HOG0048319,55,-2.423409031439923,2.6488640370661263,0.7305,0.2695,0.036,0.9639,True
N5.HOG0048588,31,-2.5453969122087177,2.6821245638380455,0.5037,0.4963,0.3056,0.6941,False
N5.HOG0048884,36,-3.632585763653085,2.6061720983312013,0.987,0.013,0.0346,0.9654,True
N5.HOG0049112,78,-0.7122579088880657,3.7732978452545263,0.3672,0.6328,0.2608,0.7392,False
N5.HOG0049566,36,-3.625267076562102,2.5187212007932116,0.6625,0.3375,0.1762,0.8238,False
N5.HOG0050126,44,-3.287496228960353,2.6731630346646416,0.791,0.2089,0.4221,0.5779,False
N5.HOG0050205,36,-2.872856501668497,3.301127007071127,0.7649,0.2351,0.2659,0.7338,False
N5.HOG0050261,32,-3.0365983933239193,2.876802597747151,0.502,0.498,0.4283,0.5717,False
N5.HOG0050369,50,-1.9555903910176469,2.5763732736644833,0.5623,0.4377,0.1446,0.8554,False
N5.HOG0050380,34,-2.7640417383639755,3.067473097640398,0.6454,0.3546,0.5098,0.4902,False
N5.HOG0050758,84,0.5893365170673915,2.54562088025566,0.4185,0.5811,0.4103,0.5897,False
N5.HOG0051039,84,0.5893365170673915,2.4740272971596844,0.4185,0.5811,0.5181,0.4819,False
N5.HOG0051428,47,-2.5684910021915335,3.0635747895106955,0.9973,0.0027,0.004,0.996,True
N5.HOG0051535,34,-3.895851778016036,3.131513215278805,0.6642,0.3357,0.0374,0.9626,True
N5.HOG0051658,42,-2.0164140557567047,2.6748909060377706,0.5155,0.4845,0.0798,0.9202,False
N5.HOG0051731,32,-3.03836119533915,3.1176544641787656,0.6228,0.3772,0.0644,0.9356,False
N5.HOG0051882,35,-3.3363746443602995,3.123559392287293,0.5728,0.4272,0.1412,0.8588,False
N5.HOG0052018,34,-2.1961103230167343,4.038618582849777,0.4967,0.5033,0.2042,0.7958,False
N5.HOG0052215,34,-3.478254461597772,2.6910757503657683,0.6507,0.3493,0.0736,0.9263,False
N5.HOG0052456,34,-3.468258270599079,2.5260102067333507,0.6667,0.3333,0.2811,0.7189,False
N5.HOG0052782,34,-2.768411016771504,2.9084706213859417,0.4994,0.5006,0.303,0.6967,False
N5.HOG0052791,35,-3.3353334636323564,4.3055108710952705,0.5646,0.4354,0.0244,0.9755,True
N5.HOG0052851,82,0.6563265182658282,3.3216240503936496,0.1701,0.8299,0.1669,0.8331,False
N5.HOG0052852,84,0.5893365170673915,2.5381653778336113,0.4185,0.5811,0.0335,0.9665,True
N5.HOG0053085,39,-2.8907755137438427,2.6791282862792953,0.6297,0.3702,0.0533,0.9464,False
N5.HOG0053131,39,-2.5707741042479926,2.6176736861667056,0.5356,0.4644,0.4884,0.5116,False
N5.HOG0053200,31,-1.5062546449304297,3.124681074215753,0.5799,0.4201,0.0341,0.9657,True
N5.HOG0053207,61,-1.5124533317560382,3.7004886386155875,0.4325,0.5675,0.1953,0.8047,False
N5.HOG0053556,83,1.6852295015916463,2.822590837575604,0.3448,0.6548,0.014,0.986,True
N5.HOG0053661,50,-1.6510613788654125,2.4347960220301785,0.4934,0.5066,0.4439,0.5561,False
N5.HOG0053795,35,-2.6605765387047713,2.982816210295581,0.4801,0.5199,0.3494,0.6506,False
N5.HOG0054283,83,-0.47153756065284136,2.483682740525143,0.6412,0.3588,0.1027,0.8973,False
N5.HOG0054471,41,-3.06329146266548,2.9418537535395908,0.6478,0.3522,0.1182,0.8818,False
N5.HOG0054791,62,-2.507587959179687,2.8134114417585456,0.7935,0.2065,0.009,0.991,True
N5.HOG0054996,52,-2.1925994115616927,2.696171177424876,0.5552,0.4448,0.0913,0.9087,False
N5.HOG0055309,41,-3.058440299568715,2.5344306044589846,0.8145,0.1855,0.1883,0.8117,False
N5.HOG0055646,34,-2.7663727070870143,3.469131146474449,0.4873,0.5127,0.266,0.7337,False
N5.HOG0055679,79,-0.5391351087578521,2.665531524633841,0.6467,0.3533,0.4026,0.5974,False
N5.HOG0055747,59,-1.6580706141897732,2.848099899147534,0.5491,0.4509,0.2502,0.7498,False
N5.HOG0055849,30,-3.334142120109469,3.124180111738952,0.7518,0.2482,0.0424,0.9574,True
N5.HOG0055914,37,-2.755057402916228,3.5372038852495415,0.6561,0.3439,0.3341,0.6659,False
N5.HOG0055942,31,-3.17285441246787,2.9139825244319337,0.4886,0.5114,0.3054,0.6945,False
N5.HOG0055987,31,-2.836038665346514,3.766271858226961,0.7625,0.2375,0.2447,0.755,False
N5.HOG0056005,46,-2.6218371864177934,3.1740227689300626,0.5734,0.4266,0.4475,0.5525,False
N5.HOG0056331,50,-2.004919374410123,2.515496283638191,0.7044,0.2956,0.4086,0.5914,False
N5.HOG0057308,57,-1.8405947171701842,2.8409507869960438,0.7369,0.2631,0.1458,0.8542,False
N5.HOG0057350,32,-3.0130624184009642,2.6965732748840914,0.5236,0.4764,0.3135,0.6864,False
N5.HOG0057862,32,-3.360362129737936,2.9106587032190783,0.5212,0.4788,0.2988,0.701,False
N5.HOG0058159,57,-1.4308934719749717,2.5313318118264774,0.5619,0.4381,0.1575,0.8425,False
N5.HOG0058279,53,-1.4471624680378161,3.52781797128022,0.4693,0.5307,0.4483,0.5517,False
N5.HOG0058482,30,-3.3494291484236305,3.9014861878625506,0.4927,0.5073,0.2146,0.7853,False
N5.HOG0058557,43,-2.5097041100975543,2.435714846999624,0.998,0.002,0.2023,0.7974,False
N5.HOG0058739,34,-2.76728026260397,3.4618386178546903,0.484,0.516,0.2735,0.7265,False
N5.HOG0059021,46,-1.443975574059637,2.671985655292019,0.4638,0.5362,0.0664,0.9334,False
N5.HOG0059314,37,-2.753473341396214,2.691296058287739,0.6169,0.3831,0.0653,0.9347,False
N5.HOG0059717,40,-5.482876538528978,2.8102915319562296,0.9869,0.013,0.1509,0.8491,False
N5.HOG0059735,30,-2.685776459956892,2.5321081061330326,0.7399,0.2601,0.033,0.9668,True
N5.HOG0060350,84,0.5893365170673915,3.5475128958537736,0.4185,0.5811,0.1635,0.8365,False
N5.HOG0060625,50,-1.966903658079913,3.6200206545349745,0.576,0.424,0.0327,0.9673,True
N5.HOG0060945,35,-4.9954684273213505,2.908756197416189,0.9323,0.0676,0.0074,0.9926,True
N5.HOG0062141,84,0.5893365170673915,2.64757923097532,0.4185,0.5811,0.1371,0.8629,False
N5.HOG0062177,53,-2.100712938458147,2.9189077706713347,0.5506,0.4493,0.0383,0.9614,True
N5.HOG0062338,32,-3.0220792212610155,2.689753189525576,0.6661,0.3339,0.0498,0.9501,True
N5.HOG0062364,84,0.5893365170673915,2.5050061034954085,0.4185,0.5811,0.0709,0.9291,False
N5.HOG0062752,55,-2.3769797308386855,2.687546193913908,0.6203,0.3797,0.246,0.7537,False
N5.HOG0062938,37,-2.7591980361771506,3.468010764624199,0.6184,0.3816,0.0605,0.9395,False
N5.HOG0063309,33,-2.8889348026380075,2.680460744481058,0.488,0.512,0.3144,0.6856,False
N5.HOG0063509,52,-2.1730044419857433,2.9150256960975596,0.5574,0.4426,0.3078,0.6922,False
N5.HOG0063535,74,-1.39158019773777,2.4368026732599217,0.9801,0.0199,0.2164,0.7835,False
N5.HOG0063675,53,-2.1001782185433804,3.1280171594116344,0.5508,0.4492,0.2755,0.7244,False
N5.HOG0063843,31,-1.989177747022554,2.917455942807103,0.4666,0.5334,0.5257,0.4743,False
N5.HOG0064261,33,-3.6363682658025054,3.1162289543720987,0.6388,0.3612,0.2892,0.7105,False
N5.HOG0064449,83,1.6524620953907065,2.429030142377904,0.3475,0.6523,0.0014,0.9986,True
N5.HOG0064854,43,-1.1634187516219536,2.905802721213472,0.8269,0.1731,0.2478,0.7519,False
N5.HOG0065355,59,-1.3045705614066851,2.9230632350196886,0.438,0.562,0.0462,0.9536,True
N5.HOG0066117,83,-0.4653395366460498,2.957276682590192,0.6522,0.3474,0.0546,0.9454,False
N5.HOG0066876,34,-2.461380511543281,3.634686229679648,0.4795,0.5205,0.5023,0.4977,False
N5.HOG0067141,33,-3.232189993887034,3.1162289546182262,0.5114,0.4886,0.0649,0.935,False
N5.HOG0067908,37,-2.1741916121673603,2.445576680264295,0.5427,0.4573,0.0244,0.9756,True
N5.HOG0067917,35,-2.6407305277413613,3.543441000628095,0.5104,0.4896,0.5002,0.4998,False
N5.HOG0067966,35,-2.355972487363689,2.8159586094007816,0.4758,0.5242,0.5114,0.4886,False
N5.HOG0067974,33,-2.8935039242661156,3.3605249380498328,0.7569,0.2431,0.3053,0.6947,False
N5.HOG0068171,36,-3.2023922795660447,3.719590873981942,0.6618,0.3382,0.3597,0.6403,False
N5.HOG0068234,82,0.6071260300251944,2.668647204503091,0.3625,0.6375,0.0185,0.9815,True
N5.HOG0068822,37,-2.4469354987917393,3.308169969981175,0.4828,0.5172,0.2134,0.7866,False
N5.HOG0069183,30,-2.9825800501887776,2.828765839271335,0.4881,0.5119,0.426,0.574,False
N5.HOG0069664,33,-2.3124399109783993,2.5107723173001113,0.5676,0.4324,0.0092,0.9907,True
N5.HOG0069677,34,-2.461380511543281,3.2316043050297347,0.4795,0.5205,0.5044,0.4956,False
N5.HOG0069772,57,-0.14920064981109865,2.9231575500625016,0.399,0.601,0.2912,0.7086,False
N5.HOG0069904,50,-2.3062699537097022,2.660591441887927,0.7464,0.2536,0.1779,0.8221,False
N5.HOG0069910,53,-1.7547701994709837,2.5197781944268907,0.508,0.492,0.0778,0.9222,False
N5.HOG0069965,30,-3.358696349655224,3.2196721805472754,0.5581,0.4419,0.5129,0.4871,False
N5.HOG0070024,42,-4.106245591222404,2.7218312513294434,0.9018,0.098,0.0197,0.9803,True
N5.HOG0070300,33,-2.8762273270416245,3.684502354637292,0.5126,0.4874,0.3726,0.6274,False
N5.HOG0070319,42,-2.6243695697867686,2.713943315894919,0.7742,0.2258,0.518,0.482,False
N5.HOG0070929,33,-2.5903741791949084,2.796954445053016,0.479,0.521,0.4896,0.5104,False
N5.HOG0071051,44,0.14989600032741376,2.9037033052889942,0.6406,0.3594,0.0627,0.9373,False
N5.HOG0071218,35,-2.966254715230398,3.038624011794331,0.5653,0.4347,0.3611,0.6389,False
N5.HOG0071384,31,-3.1913877225316885,2.8406217426530587,0.7511,0.2489,0.1532,0.8468,False
N5.HOG0071398,30,-4.74159867890814,5.254623156246022,0.7257,0.2743,0.008,0.992,True
N5.HOG0071642,31,-3.171945027301293,3.525172185471643,0.4847,0.5153,0.3295,0.6705,False
N5.HOG0071795,33,-2.0255193178891573,4.687175391586681,0.4811,0.5189,0.1806,0.8192,False
N5.HOG0071799,33,-3.197381705283035,3.76926867669727,0.997,0.003,0.0585,0.9415,False
N5.HOG0071812,35,-1.8418288471725393,2.947625313275204,0.9676,0.0323,0.2615,0.7385,False
N5.HOG0071963,39,-2.8769678547810145,2.8206654815324237,0.7286,0.2713,0.1298,0.8702,False
N5.HOG0071978,31,-2.8519352866606025,4.033606661966111,0.5475,0.4525,0.0495,0.9505,True
N5.HOG0072020,31,-3.1665158681418153,3.62922535876602,0.5466,0.4534,0.3265,0.6735,False
N5.HOG0072071,30,-2.982402725806896,2.6268445802930893,0.5857,0.4143,0.212,0.788,False
N5.HOG0072241,33,-2.29018079598417,3.1057060572883515,0.4972,0.5028,0.1383,0.8617,False
N5.HOG0072446,36,-2.848436242929379,2.568347661959717,0.6608,0.3391,0.2727,0.7273,False
N5.HOG0072448,32,-2.4096049642212822,4.1824245562007585,0.4814,0.5186,0.2371,0.7628,False
N5.HOG0072493,34,-2.75150558637226,2.7921727035848343,0.6427,0.3573,0.2527,0.7473,False
N5.HOG0072553,38,-1.1043361538158605,3.300216393437152,0.6092,0.3908,0.0401,0.9597,True
N5.HOG0072694,34,-1.9400544076966493,3.128017159167166,0.6121,0.3879,0.0363,0.9635,True
N5.HOG0072776,33,-3.5971524882537027,2.686220354106777,0.6886,0.3114,0.2964,0.7036,False
N5.HOG0072780,32,-2.7000571723347924,3.61870514677782,0.4836,0.5164,0.283,0.7167,False
N5.HOG0072856,34,-2.4554207828475683,3.12559913268091,0.4999,0.5001,0.2913,0.7085,False
N5.HOG0001627,32,1.8520242134641705,-3.6495865957950726,0.0573,0.9427,0.8931,0.1069,False
N5.HOG0002195,37,0.4566736747933207,-2.849494002615847,0.3004,0.6996,0.8584,0.1414,False
N5.HOG0002341,48,3.216738435223817,-2.5506387390933334,0.4353,0.5647,0.8438,0.1562,False
N5.HOG0004038,40,2.105626242868304,-2.418088910330733,0.0819,0.9181,0.9925,0.0075,True
N5.HOG0007439,30,4.26728898446416,-3.107778494607807,0.0165,0.9835,0.8615,0.1385,False
N5.HOG0007657,40,2.4525967776635564,-2.430544104646114,0.0278,0.972,0.8357,0.1642,False
N5.HOG0007834,38,-1.8421325860098026,-2.4366845922640965,0.4673,0.5327,0.8592,0.1408,False
N5.HOG0008809,31,1.4650923168354255,-3.1269067478858563,0.0398,0.9601,0.8695,0.1302,False
N5.HOG0009914,47,-0.8812926537692574,-2.8475171145656524,0.5024,0.4976,0.8488,0.1509,False
N5.HOG0010580,33,2.2819140760276864,-2.4884816867396533,0.4591,0.5409,0.7732,0.2268,False
N5.HOG0010621,36,1.0181303734385885,-3.330829951891652,0.2999,0.7001,0.863,0.1369,False
N5.HOG0010749,33,1.3120589272594452,-3.1836860286867625,0.0626,0.9374,0.8753,0.1247,False
N5.HOG0012055,35,2.3683625159352566,-2.934242132004175,0.234,0.766,0.8834,0.1164,False
N5.HOG0013541,33,2.243310591226106,-2.4174541046658065,0.4291,0.5709,0.7916,0.2084,False
N5.HOG0013816,43,3.083232750021657,-2.433156241020434,0.3826,0.6174,0.6565,0.3435,False
N5.HOG0014547,34,2.3657465146732104,-3.647275902353354,0.0683,0.9315,0.8757,0.1242,False
N5.HOG0015530,44,0.9807623972025621,-3.020384842638718,0.2407,0.7593,0.8552,0.1445,False
N5.HOG0015731,32,0.52280383127377,-2.930871652283066,0.3698,0.6302,0.8562,0.1438,False
N5.HOG0016317,82,-1.0008477609268265,-2.431836044588462,0.7451,0.2549,0.8437,0.1561,False
N5.HOG0017330,34,1.1670864133699883,-2.9349552489150676,0.2086,0.7914,0.8486,0.1511,False
N5.HOG0017640,32,2.171502324845337,-2.7482739170362387,0.4377,0.5623,0.8581,0.1419,False
N5.HOG0018882,39,-1.0238716551631082,-2.9380428788431576,0.7468,0.2532,0.8396,0.1603,False
N5.HOG0019012,81,2.570484096605603,-3.698853816832721,0.0375,0.9623,0.9943,0.0057,True
N5.HOG0019239,47,-1.3493778346218874,-2.3877256206086175,0.5259,0.4741,0.7132,0.2867,False
N5.HOG0019424,41,-0.08086432108824222,-2.843557837683852,0.2349,0.7651,0.8603,0.1396,False
N5.HOG0021035,50,2.2113241079866746,-2.450963461239742,0.0015,0.9985,0.8824,0.1175,False
N5.HOG0021650,52,2.434160037414247,-3.344435553316166,0.5198,0.4802,0.8643,0.1354,False
N5.HOG0022297,43,0.08929569145854958,-3.414767859071915,0.605,0.395,0.9938,0.0062,True
N5.HOG0022325,34,3.4197770835152332,-3.044805474706643,0.0349,0.9649,0.8661,0.1339,False
N5.HOG0022651,31,1.1680894125014438,-2.4164731085071645,0.0886,0.9114,0.9927,0.0073,True
N5.HOG0022924,30,4.26243857436429,-3.0203083831060247,0.0495,0.9502,0.8543,0.1454,False
N5.HOG0023226,32,2.1735141215015426,-2.423082472415531,0.4455,0.5545,0.8323,0.1675,False
N5.HOG0023347,30,4.26243857436429,-3.866855306648981,0.0495,0.9502,0.8681,0.1319,False
N5.HOG0023374,46,3.0029517504672403,-4.384382917288437,0.0267,0.9732,0.8926,0.1073,False
N5.HOG0023961,35,1.4909566630761288,-3.432891390541685,0.0931,0.9069,0.8703,0.1297,False
N5.HOG0024592,35,2.049391139559316,-3.430195897281215,0.3473,0.6527,0.8724,0.1273,False
N5.HOG0025083,30,2.4972398999755328,-2.6235098118483724,0.2928,0.7072,0.8059,0.1941,False
N5.HOG0025096,33,1.9254496239291656,-3.4242603442007957,0.0128,0.9872,0.8897,0.1103,False
N5.HOG0026185,38,1.6964602803137387,-3.0295812834517553,0.3608,0.6392,0.8631,0.1366,False
N5.HOG0026520,47,2.759039669076048,-3.1741593836410256,0.2991,0.7009,0.8666,0.1331,False
N5.HOG0026569,72,1.0518819334661866,-2.7641408503508447,0.3202,0.6797,0.8669,0.1331,False
N5.HOG0028278,32,1.8102018103212905,-2.4117205882383357,0.293,0.7068,0.8281,0.1719,False
N5.HOG0028329,33,2.263741865522202,-3.182208467893001,0.0462,0.9538,0.8747,0.1252,False
N5.HOG0028630,83,-0.4962147583526443,-2.4332818017648035,0.5959,0.4037,0.8511,0.1489,False
N5.HOG0031284,30,2.026329757583914,-3.5021339898670583,0.4505,0.5495,0.9024,0.0974,False
N5.HOG0031630,81,-1.3560412937748563,-2.429251137993248,0.7587,0.241,0.8376,0.1622,False
N5.HOG0032508,45,0.3974182777420093,-2.539872254717572,0.3312,0.6688,0.8333,0.1666,False
N5.HOG0032631,48,2.5628200934942043,-2.532154505738628,0.5243,0.4757,0.846,0.1538,False
N5.HOG0032691,30,3.0320763993972206,-2.659880750072513,0.2433,0.7567,0.8689,0.1309,False
N5.HOG0032710,64,0.7833769772242385,-2.4289924213031564,0.5401,0.4599,0.8389,0.1608,False
N5.HOG0032778,44,2.4653660373102086,-3.1044110498853748,0.5048,0.4952,0.8601,0.1396,False
N5.HOG0033305,33,4.488719960171225,-2.84661042897104,0.0397,0.9601,0.8515,0.1484,False
N5.HOG0033539,47,0.16708829708816036,-3.0966614227504343,0.2845,0.7155,0.994,0.006,True
N5.HOG0034024,74,2.059003183128979,-2.6094391250176305,0.0906,0.9093,0.9937,0.0063,True
N5.HOG0034049,51,2.582952843019009,-3.2879759541231195,0.2707,0.7293,0.8404,0.1596,False
N5.HOG0034421,36,2.0992143455572623,-2.7456341746334605,0.3349,0.6651,0.8619,0.1379,False
N5.HOG0034439,32,2.2055987386213904,-2.928648398468822,0.0195,0.9805,0.866,0.1337,False
N5.HOG0034454,36,0.35456369235665897,-2.4234979087219917,0.6391,0.3609,0.8364,0.1633,False
N5.HOG0034945,35,2.8307569290201795,-2.4383833303958724,0.3368,0.6632,0.8413,0.1585,False
N5.HOG0035187,55,3.1438341189664296,-2.6777336001597387,0.3426,0.6574,0.8326,0.1674,False
N5.HOG0035284,31,3.1108023301385557,-2.7421234724356025,0.2639,0.7361,0.8588,0.1412,False
N5.HOG0035285,34,1.697588390308195,-2.658204320619327,0.0874,0.9126,0.8458,0.1541,False
N5.HOG0035295,69,-0.09291159376677126,-2.4447507379900615,0.4314,0.5686,0.8304,0.1693,False
N5.HOG0035721,30,1.1136294505691695,-2.4076358183194615,0.3567,0.6431,0.8295,0.1703,False
N5.HOG0035751,81,1.1344733769855895,-3.100446266706013,0.3583,0.6417,0.8866,0.1132,False
N5.HOG0036139,52,-0.7247026865963119,-2.540695381936394,0.4873,0.5127,0.8244,0.1754,False
N5.HOG0036365,70,0.37517569382333693,-2.446689029265053,0.6259,0.374,0.983,0.017,True
N5.HOG0037545,65,0.07044341351139415,-2.4149600875609267,0.2022,0.7978,0.837,0.163,False
N5.HOG0038316,47,5.8854479423910355,-2.54146973145892,0.0078,0.9921,0.8587,0.1411,False
N5.HOG0038773,33,2.243310591226106,-2.8392594288337656,0.4291,0.5709,0.8393,0.1607,False
N5.HOG0038798,52,2.428342792827377,-2.4350871959275366,0.2959,0.704,0.8368,0.1631,False
N5.HOG0039796,44,3.180505913977749,-2.6335910106956995,0.385,0.6149,0.795,0.205,False
N5.HOG0039935,45,0.23521818104621497,-2.5466392988699766,0.5043,0.4957,0.9905,0.0095,True
N5.HOG0039997,34,1.9613593232279465,-2.9295220760099374,0.2504,0.7496,0.8609,0.1391,False
N5.HOG0040198,38,2.6750354488350565,-2.9278141226484458,0.0327,0.9673,0.8486,0.1512,False
N5.HOG0040301,33,1.9386101196203562,-2.752075871186217,0.3233,0.6767,0.8361,0.1637,False
N5.HOG0040700,42,1.2533495255430829,-3.0147971585795124,0.5329,0.4671,0.8688,0.1312,False
N5.HOG0040773,32,3.2664676483700594,-3.009926455217542,0.043,0.957,0.8399,0.1598,False
N5.HOG0040935,55,-1.9575535678457912,-2.662957818372342,0.5441,0.4559,0.8305,0.1693,False
N5.HOG0041099,31,2.5935683254318485,-2.550590607827984,0.1858,0.8142,0.841,0.1588,False
N5.HOG0041538,63,-1.3838590787900873,-2.453763829150139,0.6441,0.3559,0.8834,0.1165,False
N5.HOG0041613,44,4.312210314266831,-3.1845866302199823,0.0318,0.9682,0.8702,0.1296,False
N5.HOG0041646,71,-1.75458504913995,-2.415847202895555,0.712,0.288,0.8428,0.1572,False
N5.HOG0041796,40,0.913601677211897,-2.5572681019090995,0.3322,0.6678,0.9935,0.0065,True
N5.HOG0042032,32,2.224174795842297,-2.6565263757451913,0.0016,0.9984,0.8377,0.162,False
N5.HOG0042386,34,2.3434302238476943,-2.5304022732744986,0.4096,0.5903,0.8389,0.1608,False
N5.HOG0042494,62,0.28635510835450967,-2.696169826438729,0.5765,0.4235,0.8366,0.1633,False
N5.HOG0042898,41,0.1524633191250434,-2.4400803040168246,0.5167,0.4832,0.8323,0.1676,False
N5.HOG0043002,64,-1.2708986497789831,-2.6704793141294907,0.4105,0.5895,0.9774,0.0226,True
N5.HOG0043003,33,3.3103305503541143,-2.4211596939664988,0.0388,0.961,0.844,0.1559,False
N5.HOG0043150,34,2.3163391061018284,-3.34622315324024,0.4128,0.5872,0.8908,0.1092,False
N5.HOG0043175,78,-0.774958334505366,-2.432817233887883,0.8404,0.1596,0.8602,0.1397,False
N5.HOG0043677,32,1.838267290737282,-3.019811339127614,0.0154,0.9846,0.8637,0.1362,False
N5.HOG0043760,35,4.641850121294884,-2.6496172015812225,0.0293,0.9705,0.8359,0.1639,False
N5.HOG0043792,30,2.026508829908304,-2.634710892582262,0.4441,0.5558,0.8481,0.1518,False
N5.HOG0044018,39,-0.028507803141030734,-2.4419808794516067,0.644,0.356,0.8677,0.1323,False
N5.HOG0044303,71,1.6248110647575875,-3.3411676491912297,0.4578,0.5422,0.8538,0.146,False
N5.HOG0044431,34,2.8150429702416186,-3.9474035430331016,0.1712,0.8288,0.8938,0.1062,False
N5.HOG0044928,30,2.0253599498950616,-2.4251067196558758,0.4508,0.5492,0.8396,0.1602,False
N5.HOG0045122,44,1.9189964612427095,-2.5444670632127586,0.4121,0.5879,0.8472,0.1526,False
N5.HOG0045190,31,2.5229617961718804,-2.644509637299903,0.3636,0.6364,0.8632,0.1368,False
N5.HOG0045486,82,0.6172410962605803,-2.5445636648686802,0.2218,0.7782,0.8493,0.1506,False
N5.HOG0045567,39,1.2817959277874291,-2.645285804992856,0.2087,0.7913,0.8284,0.1714,False
N5.HOG0045837,33,2.2629703057411636,-2.427128444516014,0.3884,0.6116,0.831,0.1687,False
N5.HOG0045940,31,2.0951522241872302,-3.3461544143624904,0.4528,0.5472,0.882,0.1179,False
N5.HOG0046773,30,1.6718801317974954,-2.655119359859844,0.4754,0.5246,0.8574,0.1425,False
N5.HOG0047055,36,2.1313525453643143,-2.5545329474523166,0.2879,0.7121,0.9904,0.0096,True
N5.HOG0047981,33,4.48179585285251,-3.18786258576311,0.0269,0.973,0.8547,0.1452,False
N5.HOG0048321,84,0.5893365170673915,-2.750341078601185,0.4185,0.5811,0.7647,0.2353,False
N5.HOG0048437,30,1.3992845613129272,-2.7295462229508014,0.4447,0.5551,0.8273,0.1725,False
N5.HOG0048457,54,-1.088001602333676,-2.5268226248662136,0.3967,0.6033,0.9858,0.0142,True
N5.HOG0048882,49,0.7094993679682478,-2.4158993710238,0.4502,0.5498,0.8372,0.1627,False
N5.HOG0049548,34,1.998913301135323,-2.5513124362393684,0.2332,0.7668,0.8411,0.1588,False
N5.HOG0049565,37,2.230622703677195,-2.840459523386576,0.0282,0.9717,0.857,0.1428,False
N5.HOG0049826,30,4.26376606322547,-3.0354784216401054,0.0382,0.9618,0.8646,0.1352,False
N5.HOG0050053,36,2.169849859332126,-2.8372324730488416,0.3994,0.6006,0.8582,0.1417,False
N5.HOG0050394,39,2.3516164539625,-3.117893278087038,0.2952,0.7048,0.8655,0.1344,False
N5.HOG0050921,39,2.7367550213400675,-2.5457224650003414,0.4403,0.5597,0.826,0.1739,False
N5.HOG0051046,52,2.173288208924781,-2.541130996312445,0.0329,0.9671,0.8399,0.16,False
N5.HOG0051061,39,2.045527344620175,-2.5497721729771254,0.5209,0.4791,0.8421,0.1577,False
N5.HOG0051515,31,3.200982151036788,-2.547507430724725,0.1659,0.8341,0.8495,0.1504,False
N5.HOG0051883,41,2.9016449853232475,-2.531375956325364,0.4119,0.5881,0.8352,0.1647,False
N5.HOG0052079,79,0.9890929840968784,-3.0967356856094748,0.1027,0.8971,0.8714,0.1285,False
N5.HOG0052866,83,1.7112511911973078,-2.3989454994912656,0.0411,0.9589,0.8878,0.1122,False
N5.HOG0052990,30,3.066049410584497,-2.654619839407432,0.3465,0.6535,0.8555,0.1442,False
N5.HOG0053581,34,1.9623673584839394,-2.7422536100053283,0.4338,0.5662,0.8516,0.1484,False
N5.HOG0053740,32,1.5396817579571596,-2.643961557470526,0.4037,0.5963,0.839,0.1608,False
N5.HOG0054184,31,4.335819405865293,-3.648252321404056,0.0404,0.9594,0.8598,0.14,False
N5.HOG0054230,65,-1.1893665022639255,-2.436169473882911,0.4022,0.5978,0.9899,0.0101,True
N5.HOG0054248,49,0.31682138241514335,-2.5417600232387985,0.3414,0.6586,0.8345,0.1653,False
N5.HOG0054969,41,1.890114805685552,-2.638380106882398,0.2197,0.7803,0.869,0.131,False
N5.HOG0055069,51,2.043829970984464,-2.56114753574475,0.1848,0.8152,0.8445,0.1554,False
N5.HOG0055342,36,1.5260109658691838,-2.6394794394804437,0.4535,0.5465,0.8379,0.162,False
N5.HOG0055480,83,1.6524620953907065,-2.645194508057198,0.3475,0.6523,0.8352,0.1647,False
N5.HOG0055904,32,2.624188751757209,-2.41485568921859,0.1314,0.8686,0.8283,0.1717,False
N5.HOG0056993,31,2.0963017288549866,-2.5482305422212828,0.4507,0.5493,0.8499,0.1499,False
N5.HOG0057302,36,4.716671267434332,-3.430836216574206,0.0239,0.9759,0.8613,0.1386,False
N5.HOG0058657,84,0.5893365170673915,-2.4008670865627053,0.4185,0.5811,0.7792,0.2208,False
N5.HOG0059178,80,1.5046775901622544,-2.828478129550261,0.0599,0.9399,0.9942,0.0058,True
N5.HOG0059502,39,1.029270552364228,-2.7384326533605936,0.3889,0.6111,0.829,0.171,False
N5.HOG0059821,83,-0.4643444768486914,-2.754663935429985,0.65,0.3496,0.8681,0.1317,False
N5.HOG0059841,82,-0.9853056970085561,-2.6449205906094893,0.6983,0.3014,0.9925,0.0075,True
N5.HOG0061119,48,0.8621576503206342,-2.7520758706796613,0.4975,0.5025,0.8779,0.122,False
N5.HOG0061759,82,-0.9882174639795046,-2.9383197720650998,0.7027,0.2969,0.9971,0.0029,True
N5.HOG0061768,46,2.3708098165172005,-3.0157931388893857,0.4926,0.5074,0.8416,0.1582,False
N5.HOG0062108,84,0.5893365170673915,-2.93019696335815,0.4185,0.5811,0.9939,0.0061,True
N5.HOG0062680,84,0.5893365170673915,-2.7429908945263755,0.4185,0.5811,0.8605,0.1394,False
N5.HOG0062843,84,0.5893365170673915,-2.546108559393702,0.4185,0.5811,0.84,0.1598,False
N5.HOG0063079,83,1.656547578578863,-2.537352014402913,0.2014,0.7986,0.9931,0.0069,True
N5.HOG0063318,84,0.5893365170673915,-3.0201172239246685,0.4185,0.5811,0.8561,0.1436,False
N5.HOG0063561,84,0.5893365170673915,-3.0332353142794433,0.4185,0.5811,0.8445,0.1555,False
N5.HOG0063867,83,-0.4720318384328822,-2.5470251890145432,0.604,0.3957,0.8392,0.1606,False
N5.HOG0064103,84,0.5893365170673915,-2.425884604074418,0.4185,0.5811,0.8271,0.1728,False
N5.HOG0064147,83,-0.48772816420626525,-2.7460238669761714,0.5889,0.4107,0.9935,0.0065,True
N5.HOG0064243,84,0.5893365170673915,-2.4368390960675645,0.4185,0.5811,0.8327,0.1672,False
N5.HOG0064808,57,3.1741387643167958,-2.7557647081650227,0.5133,0.4867,0.7713,0.2287,False
N5.HOG0065143,72,2.3600498592928627,-2.923916812507129,0.0111,0.9889,0.8469,0.1531,False
N5.HOG0065180,82,2.2240138921880535,-2.4255216376178796,0.012,0.9878,0.9926,0.0074,True
N5.HOG0065307,83,-0.47622391251963175,-2.445468085794072,0.6595,0.3401,0.8535,0.1465,False
N5.HOG0066040,84,0.5893365170673915,-2.423082472567912,0.4185,0.5811,0.8304,0.1694,False
N5.HOG0066043,84,0.5893365170673915,-2.523619858880583,0.4185,0.5811,0.8316,0.1683,False
N5.HOG0066100,83,1.6534848775234046,-2.533710547170708,0.3472,0.6526,0.8378,0.162,False
N5.HOG0066116,84,0.5893365170673915,-2.547073419011469,0.4185,0.5811,0.9939,0.0061,True
N5.HOG0066667,83,-0.47646998937595697,-2.435705728320283,0.5827,0.4169,0.8499,0.1499,False
N5.HOG0067000,82,0.5869081133568215,-2.535070929465665,0.4032,0.5968,0.8376,0.1624,False
N5.HOG0067099,55,2.2272212494228185,-2.5455776572498228,0.4218,0.5782,0.8435,0.1563,False
N5.HOG0067231,82,0.5807008342172008,-2.4231344079663986,0.4,0.6,0.8506,0.1494,False
N5.HOG0067416,72,1.0344743833467103,-2.4218355251644494,0.3747,0.625,0.835,0.1649,False
N5.HOG0068240,74,1.0913218313522695,-2.4337462369274405,0.3163,0.6835,0.8433,0.1566,False
N5.HOG0069179,59,1.4573036071971208,-2.546976957109349,0.2096,0.7904,0.849,0.1507,False
N5.HOG0069307,60,-0.9477535429134551,-2.6353076409253275,0.5011,0.4989,0.849,0.1508,False
N5.HOG0070862,43,-1.6233814704376555,-2.9396246816444473,0.8196,0.1804,0.8407,0.1593,False
N5.HOG0070875,44,0.12985870006881964,-2.425469778445012,0.6759,0.3241,0.8323,0.1675,False
N5.HOG0070952,48,0.24712893071377157,-2.6408526789572027,0.3743,0.6257,0.8504,0.1495,False
N5.HOG0071055,40,0.9040546557615432,-2.7662687547020375,0.1782,0.8217,0.8522,0.1478,False
N5.HOG0071484,30,0.8492268939337024,-2.6430934295070703,0.1004,0.8996,0.8592,0.1406,False
N5.HOG0071758,38,2.643444107068784,-2.433023724988405,0.4124,0.5876,0.8362,0.1636,False
N5.HOG0071948,33,1.3384226078873864,-2.5488088144130807,0.3843,0.6157,0.8556,0.1444,False
N5.HOG0072157,30,0.6132191997199998,-2.4262474890910903,0.4738,0.5261,0.8307,0.169,False
N5.HOG0072334,38,2.6597349114068396,-2.441262002394305,0.4232,0.5766,0.8283,0.1715,False
