129222694
129232140
129225990
129235257
129228618
129229718
129219921
129222738
129230491
129231563
129233481
129231425
129231593
129230284
129231231
129229535
129234548
129221629
129216642
129219722
129228246
129224594
129231128
129223369
129232107
129227062
129223157
129225790
129231671
129229339
129218645
129227007
129228063
129227455
129221873
129225213
129223377
129222671
129221962
129226510
129225212
129227890
129233144
129220905
129222820
129218560
129225104
129229868
129224761
129231044
129230725
129216427
129220566
129231326
129229605
129233975
129218856
129231523
129216790
129223246
129230644
129217527
129228326
129228408
129217351
129226838
129228108
129228551
129222784
129222441
129224527
129216607
129223885
129218108
129232066
129223754
129233658
129225062
129223093
129222636
129224156
129218231
129221229
129228069
129221931
129226415
129228024
129233167
129227778
129219373
129231440
129221643
129231696
129220572
129224280
129230444
129217109
129231035
129227260
129220790
129227724
129218125
129224191
129225527
129227945
129233783
129227512
129230640
129230005
129224424
129222842
129219213
129221966
129227398
129225853
129225281
129225557
129219232
129232599
129220757
129229488
129230055
129222263
129219001
129218915
129219349
129228225
129225746
129220011
129216992
129219714
129226209
129234428
129222732
129226759
129222089
129218284
129227034
129216958
129228571
129224700
129226839
129218644
129218972
129218261
129222489
129219091
129234599
129218234
129231738
129218314
129224499
129231818
129216143
129231278
129218384
129218030
129226551
129227998
129217276
129227224
129229828
129226371
129219247
129229346
129219498
129234190
129226690
129228606
129232727
129226671
129225298
129224556
129235201
129223313
129229373
129232264
129219785
129229510
129220266
129216580
129219768
129219874
129231388
129234159
129233159
129219810
129219120
129225933
129227391
129230553
129228475
129219867
129219701
129231860
129220322
129221534
129216519
129232590
129234325
129216224
129230701
129223661
129219755
129227242
129227658
129233181
129225979
129234391
129226274
129225571
129217340
129228439
129218061
129231475
129235277
129217364
129228121
129233120
129222096
129220499
129218921
129233871
129224131
129225648
129216861
129234394
129234174
129219010
129230744
129226647
129224591
129219238
129231325
129231827
129230758
129217734
129222018
129229511
129225193
129216380
129222125
129233788
129222025
129219228
129230502
129218137
129220126
129216256
129222603
129222137
129226383
129226572
129228023
129220975
129234504
129235267
129224367
129218473
129221249
129233528
129225146
129228533
129221006
129218973
129229577
129228349
129220276
129226140
129230723
129233262
129226343
129227846
129230164
129219736
129217225
129216183
129218479
129227476
129230337
129228703
129229901
129219132
129227578
129221348
129229299
129223096
129224505
129219014
129217229
129232453
129229877
129235117
129217159
129223819
129218265
129231065
129234117
129231190
129223941
129216713
129226738
129231244
129228086
129232570
129223228
129219194
129234346
129232454
129226177
129234011
129220232
129218486
129229898
129224996
129226391
129223359
129224399
129220810
129223321
129221524
129225923
129231481
129231218
129234478
129227226
129217067
129218463
129227384
129218068
129218598
129222189
129228249
129216410
129219694
129234612
129218484
129225911
129217463
129226411
129219087
129223933
129231203
129219137
129222511
129217537
129233532
129222597
129217384
129217630
129230115
129227035
129216809
129223443
129226454
129220331
129227401
129226255
129218398
129221937
129220436
129229398
129228009
129224920
129220903
129223916
129216302
129230326
129235156
129219183
129221982
129222687
129220358
129224312
129231453
129229677
129228541
129230755
129221910
129231744
