129221600
129220170
129233029
129224114
129226452
129229426
129229862
129216207
129233468
129226612
129235327
129234434
129227292
129221213
129216517
129216018
129231636
129231234
129225683
129221856
129231268
129217388
129216428
129220189
129219530
129217142
129225199
129221015
129216462
129234561
129225551
129221960
129231305
129216020
129220194
129225259
129233741
129219893
129223870
129220245
129228048
129216817
129216273
129231148
129224423
129221866
129216766
129228045
129225908
129221755
129224260
129225674
129222158
129230008
129232649
129220175
129222267
129229425
129230116
129222068
129216344
129232252
129221024
129230733
129234548
129230743
129221425
129220270
129230639
129218089
129231456
129229752
129226526
129226673
129222802
129217212
129218046
129227580
129219315
129226269
129230519
129218408
129222847
129222382
129218653
129229448
129217616
129224724
129229653
129219253
129217711
129227510
129222708
129218541
129224892
129223269
129224852
129220705
129231883
129229439
129229604
129234308
129219215
129224736
129228058
129229312
129228026
129229856
129221584
129221127
129234251
129226823
129235189
129226052
129225761
129224577
129224569
129230999
129231010
129227440
129216840
129224639
129230660
129221921
129229207
129232724
129223747
129216392
129216944
129223810
129228581
129225245
129217676
129216246
129216247
129224618
129221616
129230729
129221162
129225883
129226405
129226535
129229540
129217051
129219210
129221915
129221994
129223824
129227739
129234279
129221853
129220159
129219898
129223229
129227333
129220506
129231427
129218800
129224063
129219160
129235178
129230068
129234524
129222627
129225982
129232784
129218411
129227303
129221858
129227017
129220299
129220298
129233107
129218283
129224147
129234480
129225587
129227067
129221272
129219453
129222730
129224668
129223987
129222987
129226039
129220888
129224596
129221549
129227731
129217666
129221524
129215983
129227593
129231561
129220252
129224100
129234526
129220099
129219960
129219268
129222939
129222954
129218373
129219391
129221501
129222451
129235195
129219827
129221405
129225631
129222341
129217547
129224514
129224217
129220246
129222856
129219734
129230062
129218502
129217250
129235291
129225436
129223374
129222285
129225784
129226295
129220514
129225838
129228092
129223846
129226111
129230594
129216083
129233296
129218101
129224637
129232337
129228079
129233015
129231250
129219697
129233017
129234222
129216223
129228355
129224660
129217217
129218103
129216374
129229836
129220931
129225303
129227277
129231778
129230233
129228119
129224707
129229664
129216994
129235092
129228646
129233132
129217216
129222281
129223337
129217619
129235183
129226854
129224371
129227682
129229697
129234631
129217543
129231480
129224528
129218554
129231279
129217312
129219891
129229328
129216063
129224101
129216055
129224496
129227095
129228234
129220523
129226015
129221904
129220233
129230266
129227480
129225656
129224642
129216855
129229354
129228628
129217290
129224657
129230356
129220456
129216430
129230559
129229805
129217244
129222819
129234223
129218695
129230806
129231257
129217705
129222308
129224942
129224115
129229460
129227041
129229867
129216899
129229474
129235193
129219790
129220182
129225819
129222072
129222534
129223439
129223438
129218199
129225913
129218723
129226378
129227405
129218619
129223396
129232346
129228677
129230748
129222130
129233237
129217234
129224404
129230074
129229620
129222028
129231259
129221986
129228100
129217359
129218276
129227496
129227412
129230619
129224121
129231278
129234432
129228445
129225591
129235320
129229163
129224001
129234177
129218209
129229396
129219716
129219717
129216591
129227527
129217023
129218457
129227458
129225085
129227892
129221963
129221634
129228242
129227263
129217562
129217371
129234149
129230174
129226793
129220893
129235232
129233665
129230682
129229907
129219340
129227733
129227370
129231150
129216986
129223423
129221117
129230084
129229631
129232663
129216909
129217408
129227329
129225659
129218113
129224568
129229680
129217093
129227394
