107437076
107453807
107453875
107445965
107456421
107455730
107448407
107452917
107438085
107452475
107443582
107456531
107447122
107457029
107439003
107443054
107446426
107437815
107446074
107455322
107457098
107452851
107441573
107445518
107445150
107453302
107440941
107438447
107457520
107450063
107444589
107456160
107437861
107454607
107446071
107439727
107442403
107441522
107455162
107454333
139427122
107443588
107453761
107447631
107439479
107439235
107449551
107448880
107444911
107450779
107437589
107456351
107448959
107446755
107455837
107455313
107455246
107454988
107452621
107440651
107452694
107441834
107451993
107450942
107447578
107445908
107456297
107450413
107442473
107448644
107443891
107441724
107454170
107455173
107448191
107450013
107438644
107449750
107456926
107452884
107446477
107439021
107452591
107438117
107446406
107440016
107453126
107437810
107457015
107454694
107448371
107456350
107454368
107437886
107440093
107447161
107436525
107443757
107440109
107454288
107437881
107443687
107443221
107450274
107451897
107454021
107444540
107447235
107442275
107456063
107444164
107457320
107440678
107442023
107452315
107453059
107451409
107442002
107450493
107444973
107452659
107443269
107436095
107455179
107451548
107443806
107452836
107438080
107447654
107439588
107438035
107439126
107445992
107455632
107439471
107456412
107436659
107441087
107437960
107455631
107442644
107455469
107457352
107438058
107440436
107455818
107436661
107457202
107443155
107449585
107450601
139425699
107436759
107445019
107445944
107448788
107445141
107447217
107438509
107448905
107449838
107450690
107456958
107442447
107438994
107438163
107440620
107456358
107449631
107439618
107439443
107438554
107443043
107451671
107437753
107440073
107455740
107451423
107441191
107442529
107437403
107443070
107439667
107447251
107438605
107444734
107448748
107440873
107439195
107442821
107438185
107436542
107438841
107453509
107447014
107438279
107450897
107451551
107449682
107444951
107441331
107457184
107446593
107450300
107436591
107455389
107449449
107448569
107452962
107444912
107448065
107452543
107447638
107436493
107456355
107449850
107444888
107451440
107449500
107441981
107441868
139424794
107446794
107447772
107441665
107439893
107453500
107437746
107447618
107457339
107437643
107446031
107448329
107436534
107440727
107441433
107439679
107449143
107443756
107447691
107456148
107456859
107450971
107453484
107443731
107445218
107443595
107437722
107455785
107446185
107453149
107441986
107446747
107436501
107456293
107441393
107455895
107443478
107455211
107454128
107442514
107455693
107445309
110282216
107445688
107456780
107439301
107451043
107442685
107446081
107437457
107451282
107451209
122273073
107441928
107447141
107437481
107452314
107453732
107447147
107440775
107452753
107440265
110283034
107457248
122268887
107455283
107457305
107439728
107452693
107451036
122272154
107444515
107453608
107447628
107448501
107439563
107437876
107441166
107451381
107440695
107447390
107443239
107438182
107457122
107447834
107451345
107451195
107440072
107445905
107455935
107455418
107437723
107453044
107449779
107441996
107444837
107444361
107453824
107438008
107450948
107442220
107442388
107440307
107439562
107455249
107446659
107449060
107455259
107450754
107452044
107454584
107436105
107442040
107445519
107437202
107451216
107454614
107438052
107455191
107443799
107443061
107447017
107444053
107446305
107457467
107440110
107457105
107446460
107456668
107451981
107446093
107439067
107452245
107445672
107442673
107443017
107446780
107455658
107442667
107449400
107441752
107456184
107449388
107455017
107440338
107443071
107453718
107445132
107454200
107451349
107440488
107447404
107446091
107455551
107438935
107444190
107453525
107441094
107454710
107440020
107450156
107456777
107444651
107456440
107447426
107452353
107437314
107455976
107444258
107455165
107448614
107439762
107438679
107456020
107439464
107451492
107444724
107452840
107439806
107442179
107443753
107455215
107438921
107453685
107439167
107441727
107447385
107456499
107443540
107442785
107447429
107436948
107451236
107444435
107445363
107451611
107447667
107450385
107437282
107446605
107457292
107451773
107442113
107444116
107438758
107447870
107441230
107450400
107453494
107436238
107438245
107437685
107453854
107444193
107449369
107449901
107443251
107445393
107436686
107440928
107446033
107442774
107440074
107457165
107451909
107454923
107455144
107455793
107442525
107451914
107443807
107448625
107448002
107455134
107437921
107448791
107456529
107456167
107440469
107438129
107439181
107447956
107452529
107442437
107454967
107440513
107450399
107446184
107450237
107455707
107451246
107437891
107452103
107447690
107454578
107440641
107456691
107444492
107447479
107455817
107443005
107438877
107447826
107438565
107447013
107452046
107437605
107436644
107456927
107443504
107453249
107439276
107443042
107442523
107450999
107451428
107454216
107455422
107449708
107456641
107456179
107439006
