107440678
107453875
107456777
107455730
107455895
107452659
107452917
107452475
107455165
107455693
107445309
107443582
107438080
107439003
107456020
107439126
107455322
107439301
107455632
107439806
107443753
107441087
107446081
107437457
107453685
107441928
107453302
107447141
107437481
107455818
107439167
107441727
107450063
139425699
107445019
107444589
122268887
107446071
107457305
107439728
107449838
107447429
107442447
107444515
107438163
107447667
107456358
107447631
107437282
107448880
107451381
107440695
107447390
107438554
107438758
107437589
107447870
107450779
107451671
107456351
107451423
107450400
107453494
107437685
107444193
107445393
107453044
107436686
107452621
107439667
107444361
107440928
107450948
107447578
107451909
107440307
107454923
107439562
107439195
107442821
107442473
107450754
107448644
107452044
107448625
107454584
107450013
107437921
107438052
107451551
107443799
107450300
107456167
107455389
107448569
107444912
107452884
107448065
107446305
107439021
107439181
107447956
107436493
107438117
107442437
107451981
107441868
107450399
107446184
107450237
139424794
107437810
107455707
107457015
107454694
107447690
107448371
107456350
107437643
107455658
107447161
107443005
107443757
107440727
107449400
107441433
107443687
107453718
107436644
107454200
107450274
107451349
107449143
107451897
107443042
107447404
107445218
107444540
107455785
107453525
107451428
107447235
107446185
107453149
107455422
107454710
