129228100
129224642
129225551
129221755
129218619
129219697
129224404
129227892
129228092
129222073
129233029
129234480
129234548
129221324
129220888
129216207
129218199
129225631
129220931
129228119
129230729
129220099
129218101
129220182
129220893
129224496
129223747
129231350
129218695
129225819
129222802
129232784
129219530
129231234
129218723
129222534
129217543
129217711
129231010
129229540
129228173
129226052
129225883
129232649
129227017
129219210
129222847
129231148
129219253
129221634
129230074
129227510
129226269
129221600
129225587
129224063
129219268
129227440
129223337
129233015
129225259
129229631
129224225
129218113
129229653
129225913
129224114
129227277
129216430
129231279
129235232
129226015
129221127
129225683
129224147
129227333
129217217
129224668
129233376
129222028
129229604
129221405
129220252
129230639
129225591
129224657
129233522
129229750
129217676
129228234
129231305
129219453
129219893
129234526
129230743
129227496
129230619
129216374
129234631
129227653
129230806
129228628
129227041
129225245
129235189
129235195
129227479
129217408
129222987
129230999
129229669
129227329
129235178
129216055
129224568
129221015
129227593
129219391
129217142
129230721
129226209
129216994
129235320
129231636
129218457
129224707
129224115
129222451
129216246
129222072
129216063
129231268
129224260
129234432
129227739
129226378
129219734
129234748
129231278
129217244
129220194
129229831
129227527
129230174
129216944
129221162
129229439
129217312
129233132
129225303
129230733
129230084
129226526
129225784
129221853
129227580
129223423
129216392
129224852
129226405
129217051
129215983
129218373
129233362
129229862
129216223
129228646
129227095
129230748
129227412
129231480
129218103
129224569
129229690
129222308
129216855
129222285
129231883
129221584
129220961
129224942
129231427
129221986
129219315
129224724
129228058
129221963
129226535
129231250
129230592
129218209
129227067
129225674
129230266
129220506
129228122
129216591
129225085
129231259
129222954
129233665
129222939
129235291
129223846
129225656
129220246
129221866
129229836
129221501
129229425
129217359
129231574
129218408
129223987
129231561
129226854
129233154
129228355
129216817
129223269
129231778
129234545
129224371
129219898
129225982
129224101
129220298
129225659
129234149
129231257
129216018
129224205
129223810
129217547
129234223
129223229
129217212
129220233
129229474
129228048
129229448
129233296
129226612
129222730
129220189
129217216
129222130
129228581
129229460
129229426
129227480
129227394
129231847
129234222
129222158
129217234
129223396
129224001
129221915
129227292
129233864
129234251
129231150
129221858
129217371
129216909
129218554
129217705
129219891
129218089
129220245
129222819
129224639
129218541
129216428
129226793
129233468
129217388
129221272
129221549
129216899
129231599
129225761
129232346
129227733
129223870
129228045
129222341
129221856
129233017
129220104
129223438
129217023
129234177
129218283
129216986
129229697
129229163
129221904
129224637
129217093
129224618
129234524
129226111
129223824
129216020
129218411
129234561
129233741
129221921
129228677
129224100
129224736
129230660
129230068
129221524
129226039
129221425
129229752
129221616
129234434
129227731
129216083
129229620
129219215
129224514
129232252
129226452
129231456
129224423
129218046
129227682
129235193
129226823
129230356
129218276
129229867
129222267
129229312
129230233
129227370
129228079
129221994
129225436
129235183
129225199
129224121
129230062
129224528
129227405
129217666
129218800
129224929
129222382
129220456
129222068
129219960
129230252
129216462
129228026
129221960
129227458
129218653
129224577
129221213
129230559
129225908
129229680
129227263
129235327
129232663
129217250
129229396
129219160
129229328
129222708
129225838
129224892
129219340
129222856
129220523
129219717
129229805
129220270
129220175
129227303
129229207
129223920
129222281
129220514
129224660
129217616
