129220779
129225712
129228211
129228180
129216735
129231261
129235195
129225657
129223951
129233907
129222116
129217568
129224542
129231478
129220124
129222055
129217117
129234162
129230735
129227472
129222294
129234033
129225259
129217585
129219342
129232345
129229604
129234308
129228098
129219378
129227540
129217088
129229755
129228264
129217107
129224119
129221755
129227316
129222383
129218531
129216430
129217128
129221596
129216110
129216111
129223360
129222124
129219282
129229930
129225883
129222556
129234594
129224501
129216899
129216907
129220160
129231096
129221634
129229372
129222016
129222067
129222608
129227465
129223086
129230663
129220551
129221526
129217318
129221904
129217270
129234518
129217005
129233021
129227523
129227725
129226923
129216817
129216273
129226861
129228025
129227362
129224299
129227054
129230462
129228359
129230066
129225919
129235289
129224061
129222524
129221300
129224117
129219436
129222231
129226728
129217359
129220007
129221639
129220774
129216120
129216643
129229209
129223962
129231797
129226324
129233945
129227225
129232958
129216267
129231150
129230581
129230441
129225618
129222500
129233512
129223429
129217556
129235249
129229284
129221071
129223886
129222827
129228574
129234406
129217711
129233014
129216374
129225512
129225759
129223940
129231550
129228119
129227339
129221602
129218409
129224838
129217234
129221356
129226848
129219498
129228327
129233006
129225847
129221386
129228635
129217529
129220335
129217459
129218620
129220489
129226508
129229588
129227758
129225153
129227739
129234279
129221414
129222721
129220582
129229297
129217387
129218483
129226424
129217635
129221519
129220194
129224454
129229980
129231827
129233024
129229369
129219691
129233158
129221058
129216223
129222555
129216878
129230465
129222321
129220367
129217339
129225636
129218670
129223411
129228227
129217090
129225881
129233173
129230423
129223816
129216807
129234120
129232334
129229648
129234631
129217405
129221181
129229923
129216083
129227797
129224667
129224670
129217194
129227303
129216954
129222156
129226076
129221594
129231413
129220764
129220948
129223783
129234264
129224569
129225662
129233295
129233101
129230714
129221605
129222825
129233099
129226405
129231585
129220650
129227254
129228668
129225832
129225831
129233020
129220216
129218283
129232524
129234312
129220842
129230736
129218446
129219108
129226409
129228306
129221871
129232233
129234604
129225169
129223210
129221385
129234253
129226931
129223938
129222041
129235124
129231441
129224713
129220229
129221073
129221108
129231342
129218491
129231384
129217425
129229222
129222656
129231679
129216975
129226973
129227003
129224304
129217770
129225133
129225764
129235282
129225633
129229422
129218017
129226135
129217054
129217098
129221836
129223329
129222854
129227511
129225023
129230750
129233963
129220135
129218156
129218422
129232476
129233582
129229528
129231759
129234419
129229856
129221465
129224063
129232568
129226569
129221218
129217205
129217673
129222708
129222307
129218111
129228106
129223824
129219747
129226115
129225265
129221581
129232128
129216682
129216180
129228261
129229896
129221449
129222291
129221573
129229615
129224777
129220178
129229847
129216387
129219901
129216027
129216029
129228600
129224498
129220954
129222186
129222214
129220203
129222831
129225198
129223764
129230981
129230571
129216904
129219878
129224115
129230070
129222769
129225806
129221147
129219749
129227478
129223979
129218272
129219984
129219986
129226648
129227364
129227373
129231562
129222807
129228304
129225962
129224502
129217057
129224082
129224104
129232688
129229334
129219214
129235174
129217807
129221149
129221513
129226107
129225302
129232083
129224463
129226000
129228260
129223859
129227671
129218089
129221165
129217676
129224439
129219266
129231223
129231507
129229986
129223311
129222061
129226269
129228044
129225068
129221915
129216952
129217742
129218449
129234635
129229640
129216188
129221626
129219419
129220741
129220284
129229890
129227018
129222940
129227324
129229697
129225204
129227519
129233702
129218238
129225916
129224948
129221489
129217197
129225611
129219395
129224612
129220465
129226148
129231289
129231871
129230074
129219294
129216060
129230739
129226431
129224116
129233035
129221820
129222048
129216732
129220151
129221609
129221608
129226336
129233533
129224272
129221189
129219664
129230061
129228149
129217020
129233059
129217600
129228303
129234103
129232621
129218502
129235170
129232138
129226563
129231587
129220260
129216997
129225170
129222280
129229534
129233739
129225697
129222316
129229680
129217159
129219841
129221005
129225681
129220422
129221308
129218431
129222695
129233786
129225898
129227830
129227662
129220095
129221591
129221590
129223388
129226468
129222843
129217093
129220527
129223928
129228550
129234211
129221985
129230687
129232399
129235184
129226637
129221294
129224404
129218219
129228104
129230047
129219352
129221986
129224387
129220252
129226605
129224393
129228396
129222160
129232430
129231085
129218497
129216462
129216792
129227592
129220742
129231369
129222748
129224315
129220047
129225121
129224669
129226374
129233245
129216084
129233271
129230162
129228295
129221231
129219974
129229401
129222265
129217080
129216155
129216733
129226081
129227676
129223800
129222155
129226439
129217305
129228316
129221418
129229719
129224120
129228337
129232098
129227522
129223858
129221652
129217541
129235207
129226631
129225902
129223963
129215997
129225533
129231610
129222645
129229639
129217550
129216649
129231278
129221947
129224121
129220186
129221270
129233199
129229443
129220221
129230358
129228729
129224972
129222215
129229650
129218800
129216026
129220175
129221293
129225744
129223994
129225885
129222987
129222406
129228557
129218672
129222110
129216903
129217291
129224100
129217468
129229235
129224027
129226663
129231428
129216544
129219318
129218147
129233137
129219298
129229936
129223895
129234122
129229410
129221107
129217485
129221367
129225683
129217052
129229163
129221874
129217555
129217805
129222076
129217521
129220312
129221901
129217209
129222157
129229212
129233026
129230633
129217122
129232798
129230591
129231579
129222233
129222092
129222035
129222040
129229976
129223841
129224671
129216189
129225525
129220800
129220301
129219828
129217385
129231313
129228357
129222195
129219626
129233744
129234265
129234468
129221160
129235320
129234251
129223812
129227749
129227295
129216785
129220707
129228232
129218564
129230042
129218548
129225607
129229332
129226607
129227791
129226528
129228186
129219279
129220497
129221597
129235330
129226566
129226038
129231063
129230748
129227483
129228603
129221592
129232274
129229876
129229582
129225669
129225658
129228247
129227737
129222175
129223770
129227037
129226074
129216926
129217595
129218131
129218209
129226046
129221569
129221567
129228598
129232675
129215991
129227734
129224699
129218511
129228157
129232097
129234512
129233029
129223178
129220746
129222023
129235085
129230729
129231698
129227726
129225532
129221707
129220299
129220298
129229467
129234489
129223374
129222285
129227236
129227834
129227546
129227445
129227279
129221392
129226877
129229851
129228101
129229675
129224557
129220902
129227559
129234026
129227680
129220629
129235244
129216093
129225230
129221388
129222880
129235309
129235310
129225238
129218905
129224641
129230650
129225909
129222292
129219716
129219717
129228707
129230619
129226629
129230605
129219278
129233429
129229427
129220870
129216092
129224230
129220081
129226571
129228554
129230982
129226539
129220955
129217433
129231426
129224173
129229925
129218723
129218016
129223286
129221409
129225317
129232433
129222334
129227836
129228111
129220523
129225661
129221880
129223250
129229286
129220306
129217620
129225793
129225791
129227668
129233671
129224108
129223864
129225641
129234200
129217091
129216859
129220871
129226009
129227799
129233376
129229670
129226575
129222462
129229274
129216918
129232463
129229552
129225510
129231310
129224044
129220215
129228069
129223015
129217612
129222398
129234408
129221500
129220166
129230505
129230035
129222800
129223854
129217633
129226085
129224522
129227551
129218982
129218980
129228109
129219138
129225038
129217511
129217510
129227909
129227531
129230236
129216929
129222329
129229807
129230586
129220952
129234415
129231500
129221341
129220028
129216754
129224930
129224848
129217638
129227720
129220303
129222924
129221561
129226519
129225968
129229387
129224545
129234180
129224730
129219228
129234414
129228267
129229800
129229705
129217037
129217035
129227564
129234530
129218629
129220535
129229696
129220148
129224969
129227759
129222071
129234625
129220292
129227695
129228235
129222690
129224260
129225980
129230744
129220648
129222339
129217245
129225656
129223351
129224374
129225286
129227285
129217623
129218517
129234675
129227764
129233668
129232093
129226585
129217379
129216252
129220443
129221318
129218598
129229328
129227775
129220978
129232248
129227428
129231471
129222111
129235126
129229425
129230116
129230566
129224405
129229884
129226893
129230043
129232553
129224719
129233181
129218330
129230177
129222001
129222281
129216828
129217703
129230983
129230984
129228346
129230612
129224064
129234147
129223423
129229950
129231872
129224094
129218257
129223613
129229207
129219762
129225531
129232597
129219460
129216591
129223821
129217766
129221547
129233564
129228318
129222141
129223404
129218692
129230733
129221671
129226194
129232777
129228092
129221589
129231005
129229590
129227326
129234535
129229408
129233465
129233296
129226298
129230580
129224856
129217786
129223196
129234392
129222293
129229789
129222034
129222735
129217244
129220020
129225620
129233369
129220892
129220285
129220883
129233367
129233371
129221094
129221090
129224344
129233370
129216153
129221273
129221334
129225676
129217177
129217043
129219959
129227661
129226459
129221514
129219903
129221322
129225126
129226742
129219723
129222626
129229903
129229204
129226387
129225844
129231250
129229735
129230604
129232340
129224088
129226322
129226321
129226521
129226578
129226493
129219778
129225134
129218216
129222665
129218169
129220897
129228242
129227263
129226014
129223446
129225667
129234429
129219847
129224624
129221854
129224852
129220503
129229300
129216827
129230038
129216299
129218364
129222664
129232784
129218691
129216081
129226464
129223168
129219344
129217565
129222427
129230690
129231722
129228037
129232820
129225848
129220390
129220208
129216994
129235092
129223983
129217175
129233900
129220539
129221542
129224661
129221069
129230874
129229398
129222335
129233910
129230622
129216736
129222330
129234183
129230321
129220371
129225008
129223952
129226559
129226969
129220233
129226477
129225707
129221995
129222322
129228116
129225643
129222872
129216158
129225258
129224051
129234290
129224592
129223128
129230610
129230978
129234440
129229471
129229470
129226202
129217116
129231076
129223142
129233250
129231802
129228268
129235148
129231227
129234567
129233919
129220971
129217330
129224914
129233150
129221876
129221886
129234021
129231424
129228569
129222939
129223761
129234642
129219195
129229869
129230445
129217029
129221327
129226599
129230790
129231674
129224637
129232337
129225754
129217576
129230514
129234431
129216100
129229566
129224238
129224269
129231301
129218049
129234548
129222387
129221251
129227815
129228445
129227049
129227980
129219251
129216064
129230753
129224724
129227160
129220379
129224549
129218060
129229337
129234583
129222315
129217629
129227269
129227732
129229382
129224327
129218398
129221504
129221182
129221117
129227353
129221921
129224830
129217360
129227378
129217653
129218649
129217016
129217411
129223021
129228665
129218756
129224158
129219693
129220397
129225721
129227352
129224101
129229522
129223093
129227849
129226091
129225436
129225210
129218504
129227439
129221427
129225308
129225931
129230432
129222174
129222496
129235278
129217006
129220085
129229622
129231267
129219827
129220496
129222133
129220464
129229272
129216945
129225551
129216033
129230569
129219754
129234672
129221600
129220099
129221558
129227745
129225703
129227363
129227727
129222497
129222007
129232477
129221233
129219343
129220893
129230697
129231860
129226039
129220837
129231419
129231241
129234561
129218471
129226116
129225631
129231875
129230726
129232733
129220407
129234488
129217049
129234435
129224898
129221435
129226827
129224452
129230102
129219335
129229627
129222848
129224663
129225116
129221201
129218198
129222236
129219215
129218588
129230458
129222276
129229366
129235158
129227471
129216914
129225946
129229377
129217553
129231212
129231755
129220259
129223948
129216850
129217729
129222127
129218786
129224890
129229836
129225222
129231061
129234562
129229531
129229739
129230008
129218578
129223763
129225122
129226104
129230738
129220219
129222627
129227396
129216169
129233139
129226048
129225576
129218179
129224141
129223396
129219184
129219860
129220705
129231883
129229801
129231768
129220828
129229304
129217456
129230010
129226854
129231835
129225763
129226732
129216293
129235109
129235108
129231774
129220550
129226442
129229946
129216441
129219739
129227715
129224603
129221123
129233858
129217672
129224196
129232594
129225524
129229827
129231386
129223913
129221169
129226082
129222382
129222237
129229462
129223991
129228308
129217329
129216600
129233759
129234420
129232842
129227642
129229220
129219172
129225943
129225944
129231114
129225796
129225750
129229283
129228048
129227063
129229748
129216215
129216604
129217334
129217554
129217732
129231265
129227239
129216344
129232252
129217284
129228311
129223892
129229298
129218978
129225149
129230752
129218554
129223135
129223136
129216766
129227843
129223427
129226550
129222653
129227632
129229668
129232107
129217551
129217371
129216960
129222883
129222009
129226015
129230231
129225280
129221279
129224187
129231270
129223806
129233923
129218633
129231589
129234400
129217762
129226523
129226222
129220189
129227463
129217204
129222850
129229354
129223133
129221272
129225649
129222148
129228217
129220328
129227841
129220126
129230678
129234306
129229500
129227728
129231397
129217462
129230577
129222107
129229571
129229498
129229405
129230649
129217602
129222881
129221616
129222225
129234105
129234396
129234442
129229359
129221864
129223917
129219391
129229504
129225630
129217704
129225937
129231504
129231568
129224760
129216368
129227555
129220088
129220086
129223447
129225178
129227603
129230473
129224310
129231522
129224578
129224091
129223877
129221072
129231399
129221884
129224246
129227503
129227314
129220231
129234434
129229775
129224958
129223836
129232346
129222392
129228305
129221453
129227580
129220249
129216642
129223059
129217315
129217314
129217281
129223125
129224113
129218644
129218438
129224392
129224813
129223865
129216517
129216018
129224715
129220591
129217394
129224378
129223333
129216121
129220205
129226041
129222730
129231557
129227313
129218678
129221079
129219840
129233313
129220332
129222013
129225839
129222022
129225260
129225772
129220269
129232963
129227607
129222115
129233656
129230679
129233491
129231750
129218372
129225973
129228466
129229894
129229518
129222706
129232139
129227537
129231394
129229246
129235308
129226593
129234627
129222120
129224255
129220308
129227186
129231138
129228094
129216159
129218435
129224626
129230695
129219935
129222145
129227318
129229456
129216870
129230538
129227253
129227584
129220147
129225589
129220967
129226565
129225420
129219610
129227566
129217133
129220225
129228189
129228140
129233277
129216448
129215990
129221358
129221612
129222304
129226497
129230712
129222099
129230114
129224086
129221048
129220329
129228564
129217300
129225709
129228581
129227784
129218536
129217655
129227407
129218154
129229600
129224425
129228142
129223891
129231296
129227423
129225920
129220375
129222542
129228041
129232075
129218320
129232658
129217539
129221653
129232801
129224836
129231051
129218408
129227271
129227976
129222650
129229949
129222742
129221524
129225253
129224333
129233360
129234192
129226499
129221288
129229385
129229529
129224512
129232662
129216908
129218481
129221949
129234239
129223862
129216235
129229261
129226455
129229433
129227059
129233803
129229802
129231148
129225905
129221907
129234299
129223310
129225900
129231219
129229880
129227545
129218064
129220353
129231675
129217806
129229580
129216775
129234551
129233007
129219648
129234515
129226504
129220460
129219800
129221493
129220355
129223989
129227382
129222520
129227017
129222204
129219642
129220159
129219898
129225840
129222189
129217066
129219913
129220244
129227506
129223229
129229728
129230707
129226673
129216645
129217414
129216378
129229469
129221523
129233469
129225908
129226674
129216503
129232779
129228426
129221101
129225780
129221268
129228172
129217743
129229666
129229661
129230559
129223737
129230600
129229444
129233966
129217072
129224159
129222203
129221015
129224839
129227487
129224036
129221940
129221102
129219758
129223661
129230021
129223400
129231259
129229730
129224371
129231433
129222677
129225728
129225727
129218643
129225285
129217450
129234574
129234252
129229482
129229481
129228168
129216205
129230629
129220821
129218184
129230704
129221945
129222360
129226535
129232070
129234477
129229480
129227321
129224520
129222819
129227670
129223740
129230684
129217683
129216946
129225504
129234493
129223033
129232810
129234259
129224668
129229955
129235172
129221613
129230637
129221560
129234149
129220250
129217236
129218664
129227565
129223358
129228195
129231307
129222271
129229982
129225718
129230160
129220749
129226273
129220425
129232351
129224189
129230233
129222209
129235298
129221337
129217667
129224250
129224268
129221265
129228121
129225292
129221404
129235318
129223193
129229857
129222267
129223813
129229634
129223787
129227829
129217097
129227051
129229860
129224728
129233388
129229823
129230220
129232431
129230979
129222845
129223966
129217515
129222780
129234391
129219843
129235123
129229203
129219185
129234524
129223965
129223796
129230216
129220170
129229589
129220906
129234462
129224073
129225275
129235311
129223085
129227697
129227776
129232422
129217146
129229327
129233311
129226030
129229568
129222181
129229447
129223804
129227309
129229664
129218406
129226491
129229644
129224678
129223791
129226221
129226243
129229957
129229436
129221550
129232527
129227335
129231456
129220389
129235299
129226415
129219858
129225884
129218819
129216717
129225301
129235194
129231349
129235157
129226288
129222065
129219684
129229560
129223908
129216931
129234115
129234116
129227593
129226806
129229247
129235238
129219702
129217290
129232318
129227349
129228389
129218708
129227479
129219160
129216965
129234263
129217312
129225612
129219981
129220237
129233422
129219892
129229575
129216230
129224841
129216206
129225679
129224533
129223315
129217771
129221281
129227716
129220142
129229293
129230280
129224066
129226034
129227684
129229926
129227356
129217422
129235231
129216031
129220146
129218107
129216172
129224123
129228083
129222847
129220536
129222028
129222519
129228371
129218456
129219810
129226079
129220755
129224240
129217266
129233967
129222058
129217296
129226422
129222777
129235294
129217231
129221511
129227338
129227348
129225231
129220959
129216319
129222207
129226052
129227552
129223825
129229513
129228226
129231207
129216913
129230743
129225223
129231821
129220236
129220321
129220715
129216175
129217358
129225246
129219920
129220128
129224434
129231328
129221120
129232608
129231260
129218158
129221137
129221925
129231368
129222834
129224037
129217421
129217075
129228606
129221321
129223954
129225748
129217512
129222535
129234237
129229291
129217563
129230077
129217769
129233808
129229510
129216015
129227790
129221582
129224470
129227333
129217051
129229997
129229998
129217546
129221425
129216076
129218439
129217004
129222153
129221584
129221347
129233918
129218773
129224150
129218114
129219349
129229507
129234649
129222594
129226327
129217344
129228500
129217446
129223483
129218570
129229702
129224974
129218482
129222298
129225907
129217453
129231876
129218522
129218521
129222647
129228182
129220359
129234486
129221928
129217467
129221999
129224225
129217694
129226555
129224372
129217099
129222467
129224610
129224564
129222325
129220857
129221342
129222286
129217731
129217199
129225506
129220268
129233737
129217085
129223440
129220074
129217616
129235284
129230636
129221951
129233266
129233908
129235223
129217641
129220270
129231529
129231181
129229545
129222128
129229893
129225505
129217664
129229868
129219999
129233107
129222184
129228216
129224572
129232514
129230023
129217198
129221095
129233746
129220202
129225733
129231778
129225078
129218175
129225882
129228536
129225315
129227813
129231324
129222051
129234182
129216099
129234679
129223268
129228262
129221903
129218498
129226037
129225549
129216880
129221345
129222643
129234388
129217140
129225101
129230062
129216466
129222311
129222630
129219823
129226103
129224552
129216928
129224486
129225173
129229396
129222006
129227469
129227440
129231944
129231538
129220008
129218530
129233933
129234482
129218986
129230157
129222429
129221245
129224380
129233750
129233788
129227588
129222059
129223802
129222112
129219440
129220483
129225982
129224771
129231666
129226639
129225918
129216003
129216001
129223214
129229307
129234690
129223275
129222064
129221282
129219908
129217250
129229554
129224296
129224739
129225155
129227030
129235160
129220217
129219385
129222617
129227300
129231761
129218245
129226588
129220343
129220149
129224979
129216944
129229613
129230579
129220158
129218635
129225970
129228475
129222696
129217662
129216306
129217373
129224717
129226748
129216968
129222008
129227955
129227517
129231885
129224321
129225190
129216862
129234436
129229381
129233028
129227230
129228646
129216102
129222178
129220342
129221184
129227501
129229791
129216351
129217100
129231376
129227418
129231845
129221574
129219367
129228399
129220972
129220423
129229645
129229331
129225975
129216716
129218569
129228575
129218377
129232816
129232814
129224774
129219164
129226127
129222389
129229501
129224017
129219725
129233934
129225792
129225623
129217716
129224446
129224445
129220387
129219705
129229400
129219945
129219756
129217689
129219442
129223317
129227057
129216207
129217084
129220414
129219676
129220730
129217103
129216178
129224581
129224049
129225789
129225638
129233079
129226193
129230434
129224139
129218964
129219659
129224736
129221583
129226446
129224639
129219340
129229654
129219948
129219933
129217819
129220257
129224001
129221412
129220305
129218455
129231408
129219972
129229512
129220289
129221131
129224084
129222266
129233665
129229687
129222069
129230150
129224466
129221501
129226516
129220722
129222420
129225229
129234207
129225716
129221533
129220630
129223368
129227934
129231269
129217581
129226154
129230728
129226083
129226780
129227010
129219146
129227041
129232357
129230639
129224381
129230028
129219777
129224892
129234552
129228309
129222455
129232796
129226077
129222363
129217734
129229689
129219891
129222097
129216239
129232677
129224096
129224444
129232115
129226823
129224118
129233394
129217264
129230255
129225846
129222353
129221185
129221537
129229873
129223950
129221013
129233677
129226470
129227596
129218546
129234616
129231543
129217509
129231211
129220228
129227835
129222063
129215989
129216478
129230422
129225836
129220541
129224309
129221637
129225591
129220262
129217173
129224072
129225891
129229455
129228491
129235150
129234205
129224060
129224059
129232593
129231476
129228705
129231144
129218979
129232825
129217746
129228647
129216599
129216597
129226735
129222795
129216939
129229213
129234222
129233536
129227763
129229238
129218414
129221607
129217613
129220455
129224657
129224010
129228079
129232575
129230693
129230261
129230692
129228604
129232520
129221419
129225547
129216973
129216909
129227587
129224548
129230642
129222469
129217010
129217184
129228054
129222954
129218662
129216883
129229829
129220125
129217212
129231129
129220658
129232676
129224765
129225965
129222027
129227819
129234352
129217376
129218555
129222649
129222102
129225577
129222030
129223042
129215996
129226500
129221142
129217460
129225639
129220603
129225715
129225064
129232649
129219456
129225869
129223204
129223205
129216967
129225307
129234167
129216151
129226019
129234570
129222032
129226057
129233229
129227435
129225794
129222088
129216934
129222129
129216185
129231760
129225645
129228473
129227708
129229516
129216941
129232722
129216625
129227654
129227486
129224936
129233683
129217520
129224112
129224590
129222188
129226958
129235192
129217547
129230240
129227889
129221127
129227581
129217688
129218653
129224806
129219658
129216248
129229874
129234660
129224109
129224106
129229431
129230052
129219962
129226541
129221213
129234398
129225800
129230000
129229289
129229910
129221860
129224330
129224857
129226190
129220207
129219790
129220182
129232079
129234246
129221206
129224042
129222856
129223753
129222206
129229965
129232604
129218046
129226925
129220218
129220029
129234595
129232819
129231705
129222395
129229574
129224459
129216047
129217289
129217288
129224080
129224384
129224385
129229411
129218458
129219737
129232790
129216943
129217142
129230519
129223846
129227733
129233134
129235327
129229426
129218103
129232054
129224318
129223439
129223438
129217240
129227032
129235297
129220245
129229360
129218529
129224429
129216990
129217143
129229358
129229826
129217215
129222789
129221868
129226695
129235232
129234177
129225736
129233045
129227682
129230509
129217562
129218113
129224993
129217196
129225910
129221858
129226096
129225115
129231145
129216972
129232811
129217242
129235323
129224464
129232400
129229383
129224401
129221963
129227412
129230076
129221483
129234520
129225784
129226295
129233774
129216940
129222638
129231552
129221954
129222973
129232493
129234581
129220647
129229374
129218407
129223828
129227614
129224287
129228081
129233711
129235218
129229922
129224279
129231650
129225552
129217408
129230710
129225554
129225594
129233398
129235329
129225678
129217361
129230104
129228038
129230656
129228053
129231501
129224757
129226561
129218618
129215993
129222988
129233781
129228654
129225587
129225974
129235133
129227095
129231445
129216741
129217574
129222425
129232505
129219455
129216187
129216989
129233718
129227805
129234128
129216988
129228696
129217028
129220936
129224586
129216250
129224530
129217489
129227044
129222003
129224408
129218346
129218945
129226581
129217274
129228440
129219174
129232459
129219424
129226413
129222226
129222138
129229218
129224618
129229758
129226002
129226003
129227292
129218995
129219722
129220253
129225668
129217038
129229368
129224964
129229567
129220200
129229674
129223852
129218654
129229843
129221260
129229695
129219670
129227730
129218052
129225106
129225107
129231236
129224465
129227935
129220031
129217294
129219327
129225184
129226945
129235118
129235119
129219897
129223742
129227869
129231542
129219530
129229989
129226784
129217757
129220171
129216266
129222679
129224178
129224188
129217174
129228402
129231362
129227635
129219000
129224314
129229379
129224468
129225874
129219786
129225819
129220033
129218083
129232788
129227576
129234407
129220547
129221406
129233881
129233842
129225955
129226239
129220372
129217106
129220950
129233527
129222042
129233526
129216283
129233511
129223964
129235086
129225082
129230165
129222386
129217186
129222130
129234645
129217597
129222232
129224305
129229867
129224947
129226612
129224596
129220732
129234653
129222314
129224396
129225520
129231851
129234780
129235255
129227530
129224046
129229350
129217337
129223926
129217436
129216986
129226289
129223867
129225843
129220326
129234375
129231464
129231745
129230270
129219795
129219805
129230271
129231094
129229561
129223068
129231147
129230962
129226018
129225760
129220132
129222682
129233727
129233715
129225093
129224265
129219688
129222135
129227669
129222577
129217135
129222534
129222786
129220442
129229399
129227023
129226220
129224909
129230682
129229907
129223900
129232446
129234641
129226532
129228073
129217705
129226453
129219307
129234106
129231392
129229572
129218347
129225757
129217665
129218208
129225565
129226087
129231218
129221353
129229537
129233022
129220378
129219306
129229570
129231383
129222487
129222529
129233694
129235228
129217114
129231775
129231274
129220829
129234175
129222716
129222295
129234197
129226065
129226547
129223777
129225304
129234532
129227562
129221893
129222176
129232480
129226092
129218223
129227875
129222540
129217220
129217926
129234636
129225523
129233174
129233273
129225179
129227785
129232806
129227880
129232911
129221316
129219315
129221420
129230975
129226414
129234204
129216428
129222131
129222075
129216851
129228290
129231437
129235031
129222284
129224394
129229439
129234606
129216888
129221863
129217540
129220386
129235189
129223337
129229937
129222752
129229591
129234573
129230234
129217470
129229527
129229713
129216866
129227377
129230476
129225616
129227736
129223730
129216288
129216292
129231234
129224415
129219779
129222033
129229465
129222657
129217377
129216212
129224500
129224337
129229891
129227645
129223066
129223069
129222072
129218463
129234601
129229532
129217417
129227053
129216009
129227766
129230643
129221950
129223233
129224523
129221654
129233117
129227549
129221956
129226886
129219745
129225608
129222205
129230048
129220287
129231588
129225518
129217301
129230675
129225094
129221530
129216020
129228130
129231340
129216055
129229242
129230456
129235137
129227458
129218687
129223225
129218659
129220685
129219730
129221398
129224575
129229839
129227560
129229475
129230490
129227811
129226185
129227383
129221354
129234608
129222601
129219975
129219977
129220915
129221371
129224534
129224222
129222783
129229766
129234437
129231314
129221405
129217458
129226625
129226943
129219813
129235149
129234292
129225799
129232684
129216078
129218680
129218509
129226380
129234250
129228035
129230660
129224193
129225113
129216203
129217148
129219764
129216414
129227892
129230486
129224041
129231847
129226370
129219045
129218006
129216131
129221927
129222407
129233103
129222054
129226390
129220041
129233356
129228266
129235186
129221866
129221297
129222465
129219919
129234145
129228282
129223291
129222355
129220429
129232381
129215985
129229321
129228710
129231665
129225144
129224915
129229577
129228369
129231204
129223342
129227482
129225156
129234441
129217391
129223798
129226594
129221939
129217155
129216396
129229395
129218127
129230017
129221162
129224221
129229279
129229280
129232364
129228291
129222642
129232728
129221586
129233455
129222098
129227512
129230641
129225273
129219728
129234136
129220163
129226027
129222380
129227692
129229999
129218993
129218994
129232653
129235091
129226132
129227744
129223306
129229777
129223223
129226818
129224177
129218148
129234494
129216901
129216195
129231484
129233375
129216680
129217273
129217272
129227245
129232375
129224705
129230665
129227602
129227798
129230356
129220302
129225201
129234475
129215999
129230200
129220337
129231305
129234244
129234229
129224069
129222794
129226164
129231586
129232822
129220035
129223915
129233468
129224142
129219459
129221200
129232454
129220805
129228114
129232752
129227685
129226452
129223834
129232451
129225138
129222331
129222070
129233168
129220110
129235276
129224328
129231409
129223070
129219663
129225097
129228058
129218539
129222241
129225573
129235038
129223331
129217648
129232066
129225817
129228297
129223822
129225710
129229282
129230747
129232401
129227623
129229556
129225913
129216012
129223090
129217484
129235100
129230419
129218886
129223421
129228484
129229474
129221977
129225150
129231553
129225112
129225978
129219752
129219316
129225769
129217019
129220877
129230717
129220246
129216200
129218802
129220006
129221869
129221311
129224582
129222991
129230980
129216071
129227979
129220594
129227304
129216706
129231355
129229230
129232587
129224201
129225282
129221172
129232127
129220437
129224400
129225998
129224559
129217804
129223890
129223906
129220238
129218765
129217310
129226447
129220514
129225700
129219299
129219734
129230749
129218079
129233568
129224157
129227627
129227244
129226211
129221440
129231406
129220506
129227436
129232623
129226618
129218604
129218137
129217439
129217216
129230393
129227454
129219210
129226111
129222132
129217347
129216106
129234131
129230046
129221914
129229211
129228298
129229971
129218525
129229753
129229413
129229301
129217795
129221219
129234609
129223226
129226106
129220039
129223999
129216282
129227357
129229477
129227106
129231257
129224568
129226332
129224307
129235291
129219678
129216057
129227265
129233289
129222974
129226375
129226864
129216411
129221232
129235227
129220072
129228644
129224541
129230097
129228382
129231600
129231453
129235208
129219750
129225924
129234522
129224692
129227393
129216063
129226028
129221488
129229725
129229294
129223162
129227278
129222169
129219946
129222853
129225867
129219987
129233479
129233478
129225281
129216698
129229415
129233015
129226367
129232837
129234663
129216075
129231636
129224103
129225838
129221193
129220394
129228051
129217542
129227040
129222217
129231812
129220123
129232144
129219274
129220484
129217367
129228355
129227574
129228579
129232827
129229365
129226101
129216354
129230594
129217527
129220583
129235319
129216915
129225569
129233241
129234449
129219120
129218196
129219397
129218461
129217211
129216193
129226238
129216840
129224034
129228089
129223925
129217388
129224140
129227409
129223894
129222084
129227985
129219671
129230645
129219085
129224031
129227613
129230345
129229392
129220053
129225143
129220336
129226603
129218234
129223355
129221872
129219726
129225770
129225522
129228727
129221174
129222192
129226549
129228263
129224812
129232724
129226434
129225894
129234554
129232663
129219835
129231173
129219713
129219712
129222612
129224298
129218632
129219884
129218705
129226488
129229499
129219875
129219465
129217056
129233571
129220027
129230694
129221525
129228269
129224576
129234223
129221960
129216007
129224124
129227459
129220051
129223436
129217257
129225693
129232843
129225306
129224514
129224217
129229393
129227025
129221640
129227231
129218605
129233796
129218015
129226216
129217820
129225734
129218123
129224428
129224698
129224553
129224111
129224430
129224409
129216504
129228728
129216135
129224052
129229583
129224796
129229252
129220344
129230576
129219806
129221287
129222113
129229573
129230369
129223897
129226105
129222021
129220227
129228719
129232980
129228201
129229805
129216786
129228313
129218790
129222457
129222376
129232624
129229624
129227064
129223855
129218136
129219253
129229862
129229548
129220348
129225713
129225714
129226680
129217343
129223448
129228593
129224028
129232132
129224619
129231758
129227510
129233161
129224022
129222105
129217271
129227246
129219879
129227275
129221484
129222086
129231217
129217557
129229496
129235181
129227284
129218276
129221244
129234615
129223747
129222772
129232165
129224441
129217614
129225340
129227885
129218507
129227386
129225085
129216897
129227368
129229386
129224209
129216570
129217192
129225519
129234018
129235178
129232633
129224128
129231201
129231572
129224697
129217059
129224543
129220384
129225528
129225906
129233345
129225993
129226476
129234134
129216969
129223408
129218059
129234015
129218983
129227533
129227742
129231582
129228006
129229864
129231576
129229459
129228333
129234474
129227998
129234549
129216165
129223424
129224556
129221766
129217241
129222262
129223736
129225079
129224991
129226526
129224518
129221043
129221379
129226069
129225994
129223720
129217626
129229638
129220280
129234269
129222346
129232638
129217472
129234511
129231632
129233764
129231272
129229595
129224665
129224347
129218405
129232142
129216213
129227618
129222793
129225324
129225530
129226338
129222857
129224707
129219243
129221853
129223098
129225388
129231960
129234395
129225245
129223767
129222100
129224000
129234661
129219223
129219927
129225526
129220847
129219743
129220526
129218379
129226671
129222640
129231505
129233722
129219997
129231048
129216096
129231611
129229351
129221622
129217145
129220404
129225252
129233745
129220040
129228237
129234481
129231152
129227802
129220313
129218312
129233105
129224537
129221856
129219697
129218394
129223861
129224577
129228045
129218084
129228293
129219993
129218268
129220664
129221266
129232441
129216537
129218287
129217217
129216051
129216569
129230075
129224660
129233040
129227699
129224977
129228281
129227488
129220502
129222442
129226503
129226679
129221459
129219249
129217030
129226388
129234541
129222508
129221629
129220383
129228213
129229326
129224197
129221114
129234571
129220133
129228464
129234185
129230635
129229267
129216598
129225740
129225605
129234187
129230683
129226421
129230055
129223896
129235254
129234526
129225123
129223779
129224006
129216471
129221373
129216281
129219883
129221250
129223215
129223414
129223735
129229463
129223918
129230607
129232559
129233570
129231357
129220712
129224009
129217443
129229720
129229709
129229614
129228113
129234119
129227514
129227729
129229563
129235183
129234598
129224491
129227887
129230105
129229344
129225048
129224988
129218263
129233237
129230288
129224642
129221359
129223422
129230467
129216090
129231455
129233334
129223904
129217180
129232359
129219842
129229628
129229621
129227484
129229652
129222701
129221093
129220508
129229215
129218953
129224560
129227599
129226953
129226793
129225598
129228205
129221136
129217531
129222820
129218199
129218695
129218462
129231652
129230606
129216174
129223957
129229312
129224075
129234301
129227624
129226665
129220451
129217374
129227735
129222953
129222213
129222826
129222117
129219709
129230184
129217593
129225139
129222308
129233023
129224802
129223936
129227277
129217571
129226967
129221938
129229678
129224155
129220152
129224558
129230599
129229740
129230719
129229378
129232557
129220888
129220553
129220439
129224684
129225653
129225655
129222158
129225807
129232082
129224540
129223850
129222575
129223734
129224634
129224413
129216225
129220982
129221441
129225824
129219275
129222173
129224810
129234647
129226378
129221413
129222813
129221452
129222606
129233322
129229620
129222357
129218494
129216091
129221377
129219736
129234427
129219680
129229460
129218039
129225762
129220585
129216392
129231594
129228184
129222397
129226444
129233355
129221407
129229320
129235122
129218411
129219302
129229781
129229729
129226381
129227485
129234307
129221100
129227824
129218055
129220984
129224151
129231222
129235266
129219910
129225053
129222119
129227842
129234411
129232407
129224526
129221617
129219907
129226789
129226047
129222287
129217666
129222328
129231561
129217061
129230974
129229610
129224488
129216232
129219452
129231570
129233935
129217440
129219817
129227848
129228686
129230621
129221631
129221517
129219900
129225235
129230722
129219015
129216963
129229402
129221585
129222588
129219983
129227369
129229416
129221349
129220275
129220381
129225593
129225592
129230068
129222590
129234154
129229453
129229397
129217053
129227410
129225290
129229821
129220157
129229251
129224223
129227031
129222068
129218389
129231286
129233741
129218373
129230732
129229952
129225295
129218571
129220661
129228148
129216074
129219289
129221851
129234418
129229657
129221920
129233043
129228510
129216114
129229647
129226939
129228572
129227712
129230936
129232192
129225515
129231867
129232261
129233873
129216234
129234572
129219893
129216050
129220339
129223870
129217552
129218445
129218116
129229281
129221188
129227594
129218335
129217506
129224528
129227583
129218515
129224383
129218243
129220319
129228031
129217412
129231271
129231285
129216582
129225073
129234196
129235277
129228040
129231031
129228210
129228212
129226787
129223982
129235117
129228677
129218684
129216246
129216247
129231480
129229768
129226064
129218115
129216041
129217078
129217079
129230715
129221310
129217797
129235237
129222224
129227717
129220255
129217151
129217070
129223340
129227557
129232578
129234387
129230999
129227719
129232051
129226311
129227751
129225849
129219929
129229631
129230333
129225674
129221215
129216240
129222661
129224283
129217543
129228234
129227496
129233743
129220468
129226645
129217700
129220323
129221549
129216985
129233132
129217400
129219850
129218027
129231268
129227400
129221024
129227677
129223409
129226909
129220112
129220713
129234497
129216871
129230020
129229557
129221859
129222275
129222619
129226293
129216124
129229217
129226319
129226564
129220038
129227663
129228029
129234617
129220680
129222589
129219889
129227639
129225659
129227272
129220557
129233970
129217218
129231869
129224135
129224165
129219964
129225061
129225950
129216044
129220278
129223843
129229752
129224420
129223945
129234480
129226035
129232234
129222341
129217580
129221148
129215998
129225775
129222781
129225158
129233128
129234626
129224473
129221481
129224002
129227929
129225617
129231575
129229285
129221955
129219454
129215983
129228100
129226622
129225499
129224257
129219894
129220569
129220369
129218189
129225174
129222717
129226121
129225261
129216177
129222554
129219017
129219998
129227243
129219679
129231878
129231877
129222451
129229216
129223987
129223284
129235272
129218559
129219216
129217086
129223910
129234628
129228026
129219381
129217295
129222029
129227221
129228709
129221157
129222740
129224412
129228257
129224686
129220472
129229292
129218300
129234410
129220293
129227922
129229653
129235090
129221975
129221004
129217350
129217293
129217129
129218468
129223883
129223526
129221623
129231799
129229914
129224515
129230032
129217064
129227247
129219624
129222296
129229353
129227476
129233936
129227425
129227447
129225628
129217002
129232073
129222223
129234593
129229287
129226305
129225960
129217691
129224597
129224503
129233157
129219453
129232646
129223980
129231427
129218840
129225077
129220198
129220499
129223071
129217499
129219163
129228387
129224496
129220392
129226955
129232967
129220748
129222394
129220281
129223934
129227441
129226050
129234439
129223406
129221336
129234459
129225798
129231332
129232487
129221470
129221536
129228385
129227675
129216340
129217253
129230530
129222228
129221428
129220417
129230119
129220838
129231607
129222785
129229367
129224942
129226008
129222641
129234603
129224485
129224681
129225828
129226236
129229278
129232612
129218363
129220365
129216873
129229602
129229521
129220814
129219237
129229887
129217335
129220240
129220023
129231833
129219650
129227999
129219286
129217473
129225003
129217340
129225732
129221364
129221473
129226574
129229852
129230504
129230920
129231803
129220994
129221164
129220642
129232140
129216257
129224266
129222270
129221595
129234502
129222583
129222005
129223543
129229438
129222582
129217657
129216860
129227370
129229355
129229489
129228139
129216473
129227297
129220117
129230640
129220177
129224019
129219960
129225102
129227288
129225274
129223431
129228463
129228462
129220609
129222342
129224427
129223810
129223907
129234501
129221396
129225692
129234577
129223749
129225797
129229558
129226548
129217297
129218417
129224195
129223935
129225687
129231279
129222193
129234099
129227016
129224024
129229451
129229448
129225691
129220346
129231178
129224125
129225566
129217738
129224020
129229969
129226425
129223269
129216855
129224147
129217719
129227796
129231010
129224276
129227394
129229619
129217131
129217130
129227527
129227405
129217319
129217631
129234315
129222722
129229243
129220310
129227430
129221994
129224763
129216748
129228354
129217496
129229336
129227825
129234686
129228711
129219922
129221461
129231311
129230140
129222873
129224611
129218457
129216838
129216813
129216196
129219703
129225896
129225682
129234156
129229260
129229306
129219925
129234124
129229848
129224666
129225622
129216103
129230402
129232550
129229959
129234688
129233915
129221895
129227688
129234458
129222388
129220097
129219197
129228553
129231353
129227360
129225055
129227904
129232136
129235106
129227504
129223914
129226094
129230848
129230648
129234669
129223972
129216956
129217023
129234648
129219787
129221128
129221478
129223039
129223738
129224638
129217265
129216887
129218459
129216961
129221967
129231592
129229750
129217044
129232483
129224148
129229231
129226913
129231410
129227274
129230090
129229872
129223866
129225199
129225878
129226297
129218349
129224455
129217230
129220996
129227480
129229587
129218820
129223430
129227067
129226601
129231302
129217486
129235321
129217158
129224237
129229562
129217572
129231873
129221952
129220181
129227781
129233658
129233408
129216980
129222136
129227202
129231091
129217168
129216347
129229630
129223939
129223920
129228552
129223270
129222461
129234491
129220456
129221390
129234432
129216384
129222734
129229540
129228405
129227878
129224990
129234098
129225755
129219666
129233802
129222862
129221307
129218544
129221408
129222337
129220501
129230084
129232813
129224229
129231221
129220105
129232327
129231126
129229694
129224467
129234607
129218606
129230562
129223380
129219392
129222101
129219189
129219653
129219290
129218612
129228612
129225613
129226716
129218151
129224249
129222212
129231443
129225782
129230806
129225777
129218892
129222444
129226025
129234479
129226206
129226204
129218949
129228249
129220242
129234067
129223445
129226112
129223428
129226579
129217693
129235293
129217513
129217036
129225680
129224341
129235286
129219871
129233742
129220195
129217619
129234471
129224662
129225761
