129233907
129225259
129223360
129222124
129217556
129235249
129228119
129227739
129234279
129216878
129218670
129223411
129217405
129225133
129235282
129220135
129229847
129230981
129219984
129219986
129218449
129220284
129232621
129235170
129229680
129218431
129220527
129219352
129223858
129225533
129229639
129231278
129224100
129217521
129222195
129220707
129226528
129228186
129219279
129233029
129227236
129229675
129224557
129225230
129233429
129216092
129223864
129224044
129230236
129217037
129217035
129222071
129218517
129224719
129226298
129222293
129229903
129228242
129227263
129223983
129234290
129233150
129228445
129217629
129227353
129218649
129217411
129225436
129221427
129231267
129219754
129234561
129230726
129234435
129231774
129220550
129216441
129217672
129222382
129234420
129217462
129231504
129231568
129222392
129227580
129216642
129217315
129217314
129216517
129216018
129231557
129221079
129219840
129227566
129225709
129217655
129221524
129234192
129229666
129229661
129231259
129216205
129220821
129228121
129235123
129219185
129229589
129225275
129227697
129233311
129218406
129219684
129217290
129223315
129229513
129233808
129229510
129222594
129217099
129230023
129225882
129231324
129222051
129218245
129224717
129227517
129220414
129226193
129218964
129219340
129221131
129224892
129226077
129226470
129227835
129223042
129222032
129222129
129222856
129229411
129229426
129222789
129227682
129225910
129217242
129233774
129235218
129232505
129216988
129228696
129218346
129222542
129233527
129222042
129233526
129225520
129225760
129219688
129233022
129226092
129227785
129232806
129227880
129232911
129221316
129216851
129222284
129224337
129229580
129218659
129235149
129226390
129233356
129221297
129221162
129230641
129220035
129223915
129224328
129217804
129223890
129223906
129233568
129224157
129231636
129225838
129220394
129224034
129234554
129217056
129228269
129227459
129225734
129224428
129224698
129224553
129224111
129224430
129224409
129229252
129226105
129220227
129228593
129232633
129231582
129229864
129217626
129217472
129219223
129220526
129216096
129233105
129219249
129223414
129233237
129227599
129216392
129224151
129217666
129216232
129231570
129219983
129225593
129225592
129218116
129229281
129221188
129227719
129232051
129226311
129219850
129218027
129227677
129234617
129231869
129225061
129223910
129225628
129227675
129220838
129231607
129229367
129225003
129234511
129231632
129224276
129221128
129222734
129219392
129219189
129230806
129219871
129233742
