129216153
129217092
129225712
129218073
129226043
129219977
129225763
129219842
129230619
129230005
129222116
129234604
129225153
129224072
129216340
129224240
129227398
129228264
129217690
129233683
129232963
129222013
129223368
129216138
129216067
129219679
129223629
129222872
129217744
129225656
129234606
129218821
129227472
129221501
129224459
129225746
129229298
129216969
129219659
129230105
129221868
129230714
129220334
129225777
129224445
129223987
129216819
129227763
129234162
129224684
129216442
129229857
129233168
129234301
129222820
129231201
129228500
129233935
129219762
129232824
129220643
129222744
129216516
129229469
129222583
129217241
129226594
129231362
129227485
129234183
129229777
129229667
129225577
129226374
129233272
129223810
129217180
129225934
129218394
129220392
129220967
129216891
129233568
129232648
129216173
129221901
129220337
129222148
129225077
129216990
129221951
129220201
129222444
129224054
129217043
129227413
129221222
129228728
129227764
129228346
129220189
129230010
129227466
129226454
129227980
129225259
129225169
129222130
129222717
129230433
129228557
129225913
129228518
129223906
129231471
129224367
129227423
129217735
129229332
129227000
129225280
129222097
129234106
129225295
129233167
129235293
129216165
129225960
129224569
129222003
129221864
129229577
129228189
129225566
129221858
129220523
129222186
129217038
129232730
129220358
129219632
129222113
129219891
129225082
129226434
129227745
129234006
129224844
129217629
129221583
