129221201
129224993
129217244
129229836
129219752
129234627
129230070
129223424
129228464
129229401
129221058
129228333
129217766
129226532
129218670
129224596
129219723
129223284
129224585
129217097
129228098
129234481
129216870
129233788
129231386
129228216
129226327
129231394
129218522
129218521
129230727
129234511
129231632
129218494
129217557
129229570
129227751
129218463
129227708
129234251
129226848
129216903
129224812
129220897
129221525
129220335
129221435
129234552
129229251
129219214
129229884
129219498
129219185
129220259
129222781
129219843
129227373
129223987
129230714
129219883
129227669
129216698
129223804
129227243
129218127
129234352
129221231
129219999
129234408
129226561
129229730
129222789
129228040
129229400
129231504
129231568
129228612
129217819
129221120
129223526
129223867
129217215
129234458
129227552
129216972
129227333
129220732
129234653
129223421
129232399
129225707
129225569
129221530
129218569
129233029
129229436
129218389
129223162
129225061
129222467
129230981
129216093
129222155
129216196
129232733
129226293
129225968
129220414
129222429
129224349
129230629
129228316
129221388
129222843
129217273
129217272
129229574
129218559
129219216
129226508
129226679
129217662
129225667
129227030
129220829
129217265
129231427
129221654
129229212
129221947
129225868
129225800
129228142
129225565
129219163
129229563
129229573
129225713
129225714
129229272
129229285
129224498
129221181
129219453
129224947
129220228
129218659
129230675
129224592
129221561
129231586
129232822
129217361
129222608
129224064
129228038
129220252
129220208
129227785
129232806
129227880
129232911
129221316
129232140
129216888
129219316
129231453
129220514
129226629
129225190
129224383
129223742
129221863
129232505
129219850
129218027
129234105
129228026
129231557
129219671
129216928
129216235
129229527
129229713
129232646
129216207
129222286
129216989
129233718
129215998
129227764
129224530
129226607
129224715
129222974
129231464
129225748
129234593
129233671
129230043
129232553
129225519
129234018
129224054
129222802
129222117
129232675
129220915
129218111
129223920
129222420
129219764
129226046
129222160
129232430
129229680
129224157
129230458
129234625
129229204
129222862
129220359
129218692
129224080
129221071
129232066
129220027
129219767
129233079
129220236
129233398
129217174
129234645
129231223
129231507
129229986
129231271
129221185
129235318
129218364
129223767
129221356
129218411
129233881
129233842
129222028
129226336
129233533
129223897
129227987
129224066
129224569
129234147
129224942
129227574
129228579
129223896
129232608
129219960
129218373
129218471
129224564
129225073
129222169
129231797
129227441
129229657
129226083
129226780
129224579
129217554
129223886
129232684
129216078
129231424
129225920
129232798
129234120
129223042
129220594
129232597
129217446
129223406
129227059
129217705
129233181
129217059
129216980
129219392
129221347
129229588
129224337
129235124
129225144
129224915
129217546
129225794
129230432
129223427
129231611
129218016
129217072
129223982
129225885
129222556
129224512
129223448
129225235
129219716
129219717
129229398
129215983
129230975
129229374
129217421
129225097
129225528
129233786
129218539
129224209
129222708
129229630
129225633
129227586
129233739
129225697
129217585
129221279
129235238
129233907
129221569
129221567
129227843
129216230
129221958
129225252
129217368
129222900
129223883
129220489
129230600
129225846
129226973
129227003
129223436
129229571
129223135
129223136
129220250
129216785
129223859
129224412
129226374
129225703
129224307
129222383
129233355
129221407
129219806
129221287
129235031
129217231
129233945
129230748
129228234
129232790
129229456
129230599
129229740
129230719
129229378
129216828
129217703
129225819
129228247
129227737
129233858
129222339
129218208
129229802
129222872
129221999
129227763
129234406
129220661
129219663
129223915
129230047
129227409
129217805
129224225
129220240
129220023
129224123
129222133
129225515
129231433
129227596
129226015
129230562
129228337
129217593
129225139
129217665
129217240
129223021
129225260
129227955
129233966
129217004
129220842
129221868
129219975
129219977
129226121
129221955
129226931
129231281
129217804
129223890
129223906
129223862
129226273
129217513
129219646
129228569
129223397
129227618
129223329
129222854
129228606
129224465
129235254
129235170
129216257
129218347
129229887
129221851
129228557
129222722
129224667
129224670
129231860
129222847
129231873
129221952
129233430
129218039
129229465
129229976
129222845
129220800
129224446
129224445
129231760
129223816
129224401
129222642
129229433
129219664
129225048
129216283
129230642
129232075
129233512
129216082
129227759
129232493
129230104
129234183
129227878
129221297
129228119
129218349
129228564
129234440
129219460
129224455
129233045
129219340
129227581
129227339
129217541
129222487
129216239
129229216
129216106
129226945
129230621
129217236
129229697
129230514
129231636
129217264
129220506
129216891
129223841
129234650
129223749
129229334
129228205
129235085
129219908
129225840
129217061
129222241
129227805
129225678
129231827
129216092
129219442
129231505
129224240
129234562
129229531
129231145
129220888
129220877
129228092
129224464
129229969
129223613
129222692
129219693
129222270
129223409
129225630
129234222
129217350
129217293
129217129
129218468
129216988
129223821
129216866
129224560
129225656
129231878
129231877
129226541
129223864
129221128
129226387
129220931
129231561
129230434
129218064
129224836
129218525
129222173
129224249
129219440
129221322
129222040
129229936
129216956
129229965
129231455
129231484
129230747
129218198
129234561
129234122
129222813
129221321
129225974
129230665
129228201
129224692
129228268
129223891
129229705
129230586
129222831
129218148
129233746
129225757
129219959
129230735
129219085
129221585
129229377
129231576
129229459
129227892
129229238
129230679
129230660
129216926
129226625
129226943
129225112
129216175
129218695
129232638
129223368
129233737
129223850
129232842
129225712
129216537
129218287
129231960
129217029
129225867
129223858
129227980
129225662
129232138
129227739
129234279
129218546
129216174
129220551
129221526
129222834
129217093
129226030
129230874
129226047
129232527
129226526
129222086
129225199
129219344
129228707
129224533
129218017
129219703
129218892
129229498
129222645
129225008
129223952
129225282
129219935
129234299
129218445
129224678
129232662
129227909
129229917
129230752
129227469
129218949
129221484
129217521
129222084
129222427
129225608
129225683
129229600
129228242
129227263
129219754
129221602
129224041
129227939
129227889
129217542
129232688
129227614
129230220
129230710
129225874
129219983
129221573
129217511
129217510
129216047
129218449
129224838
129228554
129224230
129220041
129227551
129217472
129217385
129222034
129229231
129234675
129223926
129221172
129225739
129219164
129225506
129225598
129221859
129218509
129215988
129225674
129225715
129235133
129220893
129224757
129231173
129235308
129219987
129233479
129233478
129227566
129227483
129228603
129227559
129235090
129221281
129224641
129233245
129216084
129216838
129216813
129226523
129226222
129221653
129216940
129230490
129227037
129234607
129234204
129217312
129229443
129229301
129216985
129224022
129235180
129217337
129220186
129221353
129223787
129223908
129230722
129222186
129222214
129228305
129229444
129231543
129229572
129220007
129235276
129234134
129220603
129230663
129222881
129222554
129229422
129233465
129224396
129227627
129225505
129226079
129230504
129217315
129217314
129229289
129229910
129219275
129221123
129227583
129223411
129220477
129232480
129218137
129220033
129231399
129228031
129225101
129225918
129222189
129216939
129234128
129226953
129227929
129219249
129221884
129219397
129218461
129230509
129234571
129230624
129230978
129220072
129233023
129231443
129217734
129224669
129232612
129232431
129217374
129221354
129216223
129216883
129216351
129217100
129224378
129224428
129224698
129224553
129224111
129224430
129224409
129216015
129228510
129217284
129224046
129227834
129227546
129227445
129227279
129230233
129217612
129217770
129235086
129216081
129218662
129229689
129220460
129219800
129221493
129220355
129227459
129230643
129230114
129229631
129218531
129217648
129229896
129219884
129234006
129226052
129226002
129226003
129226601
129229460
129217220
129222360
129225420
129220397
129217043
129217425
129226476
129234236
129222735
129234598
129230140
129232575
129229300
129225064
129222068
129226499
129230028
129234494
129221639
129220346
129225156
129216064
129225761
129224520
129234631
129225734
129217762
129225798
129228262
129220439
129224575
129224150
129229431
129230052
129231342
129225068
129235293
129229839
129223250
129234441
129219948
129222203
129217551
129224503
129233157
129231250
129229477
129216344
129232252
129220902
129227041
129222394
129218684
129218123
129231409
129226216
129221136
129216908
129219237
129217704
129220630
129233774
129224310
129224988
129217718
129221886
129222535
129219734
129219739
129229304
129224722
129224723
129224629
129224338
129223085
129234207
129227632
129219823
129226716
129224119
129230619
129219282
129226077
129227018
129219465
129221478
129224576
129235123
129222353
129224140
129224034
129229453
129229397
129220031
129225134
129218216
129222295
129220465
129229439
129228709
129218723
129230605
129224178
129224188
129225589
129216934
129223812
129219678
129223904
129222444
129224394
129217436
129231705
129223779
129226893
129220337
129228235
129226455
129222027
129229500
129228182
129224238
129233571
129231082
129228484
129230726
129216600
129226639
129230581
129225669
129225658
129221097
129227244
129226967
129223059
129234253
129217193
129230728
129226409
129226569
129231332
129221404
129221640
129226958
129232827
129228237
129235189
129226565
129216282
129227017
129218245
129225531
129221949
129221341
129217242
129217673
129216153
129220344
129216946
129224017
129228644
129222462
129229482
129229481
129219945
129227835
129230157
129227465
129223351
129221915
129229447
129225178
129224415
129225547
129219828
129234119
129229750
129224073
129230055
129219728
129221967
129227016
129217373
129234223
129233099
129218800
129231529
129231181
129229545
129220994
129218982
129218980
129222009
129224552
129229496
129227799
129234315
129230280
129220713
129234497
129227454
129217743
129229843
129216187
129223343
129222641
129225639
129217440
129223333
129222807
129220125
129231650
129219998
129216645
129230505
129230035
129226593
129233322
129217300
129228598
129217301
129218820
129216165
129221282
129224269
129229284
129223404
129231755
129216319
129217597
129218819
129225518
129230743
129220353
129234414
129228267
129225769
129230020
129226148
129217433
129217296
129226415
129232624
129227584
129223861
129228628
129231426
129218515
129222388
129230999
129220151
129218335
129225902
129225916
129225891
129223214
129218680
129220329
129234617
129224427
129217271
129216544
129234197
129220982
129222304
129234615
129229868
129222730
129229561
129221854
129230687
129225982
129219286
129234439
129233150
129227885
129217405
129228100
129227603
129228053
129216706
129231227
129222188
129229387
129229614
129220429
129225883
129215996
129218189
129220658
129224260
129222803
129232083
129229789
129216055
129221073
129221108
129217700
129227732
129234488
129232142
129224624
129229220
129233317
129219750
129225924
129217417
129232724
129221504
129230641
129227435
129224549
129217732
129227486
129228184
129219642
129223822
129229350
129223870
129225230
129226434
129234136
129228168
129225623
129224796
129220124
129227202
129235194
129222848
129225799
129222293
129227846
129217473
129229385
129219251
129226962
129231666
129226038
129217626
129222158
129230569
129231476
129222092
129217204
129234459
129216076
129218439
129222204
129225138
129226695
129229873
129227362
129218459
129234263
129221820
129230733
129231324
129222051
129224542
129231257
129227160
129220379
129226955
129232967
129220748
129222857
129235228
129223286
129221903
129224100
129220299
129220298
129224948
129229627
129229230
129231340
129228101
129224265
129227758
129230008
129224296
129232139
129228304
129222524
129216913
129226673
129230277
129223178
129222287
129216057
129221169
129217600
129228473
129227985
129220984
129225245
129233564
129228318
129223963
129234474
129233447
129228030
129226422
129220157
129226103
129219900
129220053
129222721
129217746
129224193
129226566
129227412
129229775
129230090
129226605
129217196
129232820
129220996
129221164
129222120
129233334
129221927
129231261
129229670
129221864
129227562
129223954
129233107
129228309
129217376
129220166
129220152
129219274
129223270
129221396
129221427
129227819
129231845
129222225
129234491
129217212
129226932
129229507
129231217
129217614
129225223
129231471
129228536
129220084
129221307
129225229
129229287
129223753
129225709
129231383
129226193
129217655
129235207
129234246
129220105
129232327
129231745
129230270
129219795
129219805
129230271
129231094
129229610
129232568
129222226
129217099
129230732
129225792
129232375
129229752
129230077
129229529
129223957
129217211
129221419
129222619
129227999
129229415
129225894
129231875
129230369
129229211
129230423
129229926
129221245
129229252
129229758
129216904
129229949
129218438
129220553
129217620
129228303
129217820
129225292
129225273
129223039
129234252
129229467
129220547
129225906
129220255
129225628
129216642
129217683
129229462
129231665
129222041
129229891
129224223
129223966
129234106
129228157
129232097
129219762
129232127
129226048
129221069
129226612
129217143
129216027
129216029
129224305
129221149
129217489
129230637
129234626
129234471
129222141
129222311
129222630
129232825
129222647
129224668
129229532
129227418
129234342
129223855
129217234
129229568
129225775
129229281
129221459
129222772
129225700
129219299
129224393
129233173
129222127
129221311
129225113
129222100
129220147
129226311
129229620
129224439
129220372
129218765
129223661
129234647
129221206
129230694
129224384
129224385
129231310
129222224
129225593
129225592
129217769
129216374
129228552
129224304
129226041
129222826
129224075
129227478
129222617
129233745
129219315
129218555
129224173
129227230
129225622
129222058
129220456
129216232
129218136
129224283
129223796
129230216
129217757
129220284
129231236
129220749
129232676
129220198
129233915
129233022
129222939
129223813
129216306
129216909
129222008
129234021
129217288
129217289
129231384
129230729
129227725
129222308
129224148
129226999
129224141
129218257
129234177
129219108
129231885
129232980
129224514
129224217
129216887
129231051
129225817
129224763
129221102
129225508
129222442
129226503
129227527
129217054
129216915
129216901
129220110
129225950
129231247
129231246
129217334
129222469
129231314
129222397
129226074
129219903
129219871
129233742
129228041
129221960
129219827
129227797
129216807
129220387
129229729
129219610
129223802
129225525
129230441
129224848
129217340
129232811
129228550
129228604
129232520
129224777
129220591
129226599
129221114
129227557
129228293
129216682
129216180
129228051
129234672
129227668
129229613
129230715
129230255
129219680
129226742
129221265
129229319
129224108
129221219
129225780
129228186
129230084
129222451
129217107
129220205
129234663
129227324
129234573
129235282
129220135
129227277
129231144
129225898
129229804
129229893
129231392
129217310
129225955
129226239
129227368
129230649
129233808
129229510
129222577
129230236
129227265
129220386
129225149
129226671
129227537
129223894
129225594
129221950
129223340
129226035
129228261
129216150
129216855
129225512
129225759
129227798
129221605
129218114
129227410
129230682
129229907
129217613
129229411
129234244
129230806
129229696
129221405
129218431
129217305
129218790
129225844
129225760
129220779
129218649
129225782
129227249
129216504
129222284
129222665
129227745
129223791
129235091
129229242
129230456
129232728
129231589
129229402
129220523
129226453
129225919
129219969
129225617
129231445
129220838
129231607
129234679
129217408
129235232
129233918
129221117
129229653
129221364
129221473
129225094
129235223
129222883
129220301
129220378
129218687
129224540
129222542
129220207
129227499
129217581
129216717
129224548
129228083
129216114
129219893
129231221
129226324
129221514
129227316
129227923
129229748
129224425
129224272
129225668
129234616
129225115
129217797
129221593
129228719
129220972
129234098
129222638
129228096
129216205
129227517
129228426
129216873
129222682
129220952
129222465
129225577
129227501
129227531
129219778
129229293
129229405
129232777
129223226
129226674
129225308
129225878
129226297
129217216
129217555
129233568
129218604
129219962
129225721
129221268
129225679
129229353
129225304
129217114
129220384
129234375
129230612
129223233
129224699
129220310
129234026
129227680
129220629
129218116
129226425
129226332
129222116
129224522
129227472
129223828
129225143
129224856
129225038
129217694
129230717
129220648
129222281
129224139
129227275
129234502
129221986
129217019
129225907
129220308
129221408
129229395
129227480
129224463
129222276
129234686
129223972
129231265
129226549
129226470
129226459
129223991
129218905
129231522
129224177
129221977
129230736
129217509
129219713
129219712
129226132
129229283
129223965
129217531
129217387
129218483
129226424
129222003
129223770
129228035
129230061
129220837
129222793
129220257
129216929
129223734
129220948
129223388
129221095
129221609
129221608
129224491
129220117
129217318
129235319
129221921
129222291
129231513
129218417
129221975
129222206
129229413
129227522
129220503
129216020
129217151
129230358
129219684
129232357
129227106
129228327
129233006
129222575
129220496
129224028
129219184
129232801
129223843
129235137
129220260
129216960
129233656
129217158
129229297
129225303
129218394
129221631
129216131
129228574
129224020
129224002
129231148
129222954
129220870
129220336
129216850
129217729
129220501
129219294
129232658
129221637
129225204
129222880
129227363
129227727
129219925
129224930
129229577
129229615
129222069
129230150
129218482
129226547
129223777
129232744
129217565
129223866
129225290
129222734
129227394
129227682
129228260
129235208
129222174
129222496
129229504
129221418
129227466
129230393
129225693
129225797
129232451
129220159
129219898
129221318
129227040
129216060
129232234
129219761
129218462
129223360
129222124
129220270
129226464
129231562
129223825
129224114
129227830
129223736
129229513
129229580
129222076
129227766
129224468
129229246
129222640
129231275
129221866
129218046
129221860
129223914
129220233
129217145
129220289
129218083
129227734
129217052
129223800
129226784
129231413
129222601
129219964
129229805
129219901
129223429
129221342
129220268
129222236
129227587
129227405
129234211
129229647
129234192
129226535
129229365
129226101
129230625
129231552
129216973
129226096
129227560
129225833
129216172
129227922
129231867
129224392
129227329
129221872
129224118
129234479
129216110
129216111
129234572
129231572
129232098
129227458
129221995
129227887
129218015
129225661
129218606
129228172
129217023
129222112
129228111
129229560
129220040
129220195
129222334
129224964
129216991
129226338
129234532
129221004
129226094
129220219
129218491
129222657
129224328
129228213
129220221
129224094
129229336
129224128
129217175
129235329
129227225
129232958
129222328
129229471
129229470
129223945
129223223
129218196
129220035
129217085
129220216
129234431
129221101
129222298
129231270
129223806
129222314
129221583
129219993
129233683
129221533
129227430
129228195
129220524
129227318
129219670
129217470
129224936
129220502
129227057
129219810
129226439
129232073
129222695
129223824
129228227
129227624
129230231
129219786
129215991
129220051
129218554
129229687
129229298
129234480
129232788
129216248
129220828
129216732
129230240
129230356
129216899
129226289
129229213
129229801
129219352
129234388
129227386
129217394
129216347
129220442
129229913
129227511
129228405
129216121
129222184
129231774
129220550
129216994
129235092
129229857
129230566
129224037
129233963
129225653
129228109
129233137
129224147
129228369
129221513
129216817
129216273
129229393
129224454
129232487
129230684
129226823
129218633
129224581
129230075
129228728
129216952
129217742
129221155
129229695
129233296
129228044
129219456
129225317
129228113
129224610
129226087
129223374
129222285
129234418
129220936
129216852
129216862
129220437
129216169
129229930
129226092
129216177
129230000
129222626
129220582
129222195
129235289
129219650
129227935
129234187
129224705
129221592
129229856
129221218
129221294
129230822
129220323
129217631
129226154
129224638
129224086
129217377
129231674
129222987
129231234
129223950
129225551
129224413
129221612
129228290
129217133
129230062
129229648
129224568
129225732
129219454
129230266
129227530
129221334
129217388
129233345
129222071
129229469
129219737
129228266
129228647
129223070
129233376
129219318
129220244
129224250
129224268
129229522
129222455
129232796
129221107
129233967
129233024
129226390
129217728
129222461
129227032
129232165
129227428
129227436
129224009
129234606
129220149
129229554
129217512
129229291
129219730
129227580
129220539
129224728
129232524
129233040
129219266
129222130
129216203
129227565
129227981
129226037
129225549
129217529
129219747
129225121
129230068
129218536
129220292
129226418
129221500
129221607
129230594
129221893
129233014
129222307
129229451
129222794
129227675
129217786
129231821
129229369
129216975
129224974
129219974
129221876
129216786
129226375
129227288
129219922
129219676
129232364
129225733
129218672
129218653
129227463
129227549
129224545
129226027
129222816
129226500
129234512
129217159
129222696
129219889
129217462
129221465
129226548
129230571
129223086
129224434
129231328
129231302
129234413
129223720
129229344
129234423
129226135
129228575
129218377
129217291
129223428
129221215
129232115
129222132
129227025
129227352
129234398
129218619
129227423
129233936
129227425
129223306
129220202
129223962
129226519
129220321
129220715
129229416
129230576
129225740
129217329
129217281
129216009
129218530
129227292
129227239
129234554
129226925
129224347
129218405
129222013
129220407
129228048
129226421
129227976
129232232
129232236
129223140
129217280
129223149
129222138
129221336
129224197
129234429
129216914
129222091
129225806
129221300
129219015
129233781
129234442
129233935
129216754
129218644
129222800
129219452
129234237
129223935
129225281
129229489
129229829
129227729
129225770
129229306
129218379
129224626
129216206
129234396
129229827
129229766
129230402
129232784
129233026
129226446
129226305
129224979
129224515
129231588
129226378
129227526
129227784
129234601
129218786
129224890
129219138
129217459
129231759
129224528
129235309
129235310
129234477
129229480
129224739
129226039
129222653
129221600
129216003
129216001
129221461
129222398
129219189
129217506
129223430
129221511
129233021
129227523
129216871
129235158
129226595
129222679
129230645
129223913
129228396
129217186
129226950
129234549
129230530
129221869
129229847
129230580
129216215
129216604
129227791
129223204
129223205
129224246
129231803
129222590
129230633
129230982
129224036
129224958
129227677
129217148
129228106
129229587
129229410
129219787
129216880
129235278
129222110
129225716
129219530
129229650
129222594
129226414
129225682
129227742
129224892
129230160
129226559
129226969
129220455
129224486
129228217
129224135
129224165
129218346
129230579
129228058
129231758
129224237
129216517
129216018
129232843
129223900
129222316
129222500
129222087
129225826
129234649
129224321
129234239
129232649
129222156
129217539
129223380
129225340
129229399
129225532
129227285
129221137
129221163
129227588
129224657
129225618
129216120
129216643
129226581
129233277
129233970
129225253
129233043
129217135
129235231
129233059
129221414
129223761
129219835
129224841
129220227
129226504
129230690
129225676
129228382
129221586
129222088
129219965
129224341
129225641
129234200
129220705
129231883
129218571
129222988
129234167
129235297
129221398
129215993
129221288
129219000
129222690
129222207
129223215
129229307
129234595
129232819
129234535
129220722
129229278
129227360
129233313
129220332
129228226
129221596
129227635
129230333
129221283
129222677
129217576
129220215
129228311
129223315
129221406
129227671
129216100
129218564
129230042
129225828
129226236
129222386
129218511
129226728
129221373
129229894
129229518
129217051
129232433
129224666
129227602
129223015
129220006
129235237
129222582
129222777
129220097
129216267
129221629
129220383
129234434
129220390
129221597
129224990
129222181
129221550
129216250
129226528
129216716
129222178
129218219
129222007
129223925
129219215
129228466
129226618
129232407
129228313
129222519
129227356
129227400
129231876
129229243
129229516
129216954
129218632
129221142
129234522
129217184
129229222
129216963
129227841
129217270
129224803
129234520
129216099
129232963
129229556
129229448
129227369
129222099
129221425
129216299
129225807
129234648
129218708
129227479
129222529
129217638
129221293
129226105
129216931
129234669
129221386
129220464
129234259
129229368
129225301
129226477
129224557
129232070
129225943
129225944
129218691
129231218
129219705
129233455
129227540
129221519
129219891
129227719
129232051
129229950
129231872
129219333
129227272
129231553
129231421
129223928
129234526
129227054
129225962
129234594
129225510
129231357
129225869
129226388
129229558
129217411
129216442
129225530
129223331
129219626
129227825
129235117
129233394
129224765
129217209
129219279
129219847
129232813
129229499
129224810
129216570
129217347
129231005
129224051
129220217
129226367
129232837
129221367
129220664
129221266
129227378
129229622
129227049
129232593
129220339
129227730
129233702
129218238
129222597
129224467
129225636
129216213
129221377
129224603
129218629
129231201
129222701
129217562
129234103
129217657
129218953
129231847
129227186
129227317
129219459
129224404
129226111
129233158
129225905
129217550
129229724
129224736
129233429
129228104
129233759
129229217
129223740
129226319
129226564
129230790
129217666
129229337
129223317
129225058
129225764
129220472
129222342
129228025
129220269
129220170
129217367
129235323
129226579
129227639
129234250
129235149
129219017
129225736
129220278
129218458
129224374
129228006
129219172
129216031
129224371
129216189
129228600
129235330
129235311
129224713
129217330
129226028
129224052
129225169
129220369
129224115
129225274
129217676
129225793
129225791
129222055
129228114
129232752
129228189
129234124
129221270
129224707
129219726
129229247
129224496
129220585
129219821
129221441
129220128
129233311
129229800
129228387
129222193
129235100
129231851
129234780
129216591
129220342
129229955
129228269
129221589
129229463
129235174
129217807
129233795
129229303
129226082
129229552
129218049
129229735
129227063
129229455
129228232
129230345
129229392
129229427
129230370
129227484
129223275
129219790
129220182
129217568
129226211
129222346
129235284
129226091
129218497
129222991
129217075
129223783
129234264
129216284
129229425
129230116
129218199
129227246
129231000
129222237
129223852
129229426
129231428
129224000
129235320
129224031
129234301
129216012
129225965
129222217
129234415
129223229
129217467
129224488
129221616
129226085
129223142
129234524
129221005
129225595
129220411
129217456
129217122
129221452
129224857
129228593
129220293
129220305
129219253
129219981
129220237
129231610
129218408
129217064
129227407
129227849
129223960
129225315
129227934
129221634
129229925
129218457
129226288
129226806
129227504
129220160
129222322
129228355
129219946
129226413
129227335
129233468
129233668
129232093
129217202
129225718
129216354
129217088
129226452
129223090
129232318
129227349
129231750
129224543
129225285
129231706
129221392
129226877
129222389
129225970
129222113
129218259
129218995
129225546
129225686
129226444
129224611
129227377
129227869
129216680
129216932
129216937
129231575
129219709
129225573
129234099
129223431
129224501
129223948
129217667
129219243
129221327
129225789
129225638
129229321
129217037
129217035
129225324
129225882
129224027
129227692
129221626
129223994
129222035
129229381
129215989
129216478
129230648
129226631
129221385
129222853
129223225
129229678
129224222
129235294
129224618
129231212
129217556
129222795
129223940
129228295
129216428
129229652
129229937
129224612
129229624
129218406
129229358
129229826
129229880
129223093
129220319
129231150
129218234
129225762
129221766
129229862
129231871
129219779
129227594
129229474
129224049
129221232
129216384
129221160
129222033
129231259
129234688
129229396
129216266
129225657
129227717
129234489
129222067
129216246
129216247
129216918
129229566
129218517
129219223
129225265
129229634
129224523
129233237
129222882
129229367
129227095
129224103
129231147
129222786
129227979
129234175
129217563
129226588
129227370
129235183
129220650
129231574
129233388
129229823
129216159
129225605
129234145
129235266
129232446
129221584
129226916
129226594
129234196
129226106
129221428
129220417
129229640
129231031
129232381
129217738
129221853
129224124
129220954
129235118
129235119
129218598
129219174
129227023
129226220
129234229
129220181
129229638
129229354
129221951
129233266
129222924
129219920
129228346
129222280
129226665
129221359
129221470
129234436
129224069
129218529
129227396
129224558
129223983
129227503
129226380
129222213
129229777
129224420
129225520
129234482
129218612
129219342
129227067
129231542
129229292
129227321
129229903
129220536
129216083
129217693
129231799
129229914
129217218
129217688
129234162
129220020
129220200
129228500
129229501
129225158
129220906
129219653
129235122
129222873
129229922
129230610
129223854
129231129
129220275
129220381
129220148
129220847
129222080
129217131
129217130
129233511
129223964
129227044
129228211
129228180
129226008
129230697
129234577
129218089
129221871
129228553
129225572
129225763
129231761
129221558
129218705
129225937
129223872
129221904
129221390
129227300
129219860
129233356
129221523
129229664
129220220
129225201
129224830
129233694
129221895
129218481
129230591
129215999
129224287
129224266
129225900
129221581
129217241
129230962
129222265
129224121
129216441
129230010
129223440
129226447
129231408
129226322
129226321
129226521
129226578
129226493
129224590
129227661
129217672
129216135
129225645
129225881
129230604
129223193
129233923
129216124
129229328
129234420
129234635
129217795
129222016
129225238
129229720
129229709
129229725
129229294
129220303
129224082
129224104
129231279
129220132
129217691
129222030
129226861
129225554
129220971
129231587
129225388
129222065
129225643
129227297
129223125
129227383
129233128
129216736
129219702
129222209
129224686
129223446
129225631
129226116
129224914
129227802
129220484
129222315
129234419
129217117
129220712
129217199
129233933
129226603
129222032
129224044
129231152
129216961
129230032
129221412
129231869
129229582
129229330
129225280
129226827
129225079
129224991
129225824
129217484
129222325
129234609
129221985
129226585
129217414
129225246
129220280
129218283
129223439
129223438
129225258
129227254
129228668
129219984
129219986
129227735
129234292
129218272
129220218
129220163
129224556
129231835
129232550
129225533
129219666
129233802
129222102
129217090
129226107
129218154
129221413
129232463
129225102
129230119
129217635
129224969
129221349
129226088
129217197
129235172
129218983
129227533
129217926
129223355
129223000
129231211
129224196
129224660
129216225
129231480
129222706
129223979
129233015
129222136
129229355
129231376
129233803
129223196
129224661
129229332
129219842
129227875
129216071
129221914
129232359
129233677
129229327
129225522
129221182
129229512
129233741
129224072
129229163
129227485
129225896
129234501
129227353
129226057
129217460
129218184
129225566
129217439
129230102
129220755
129227695
129222115
129218422
129232476
129221453
129222175
129230607
129230606
129224663
129225116
129229674
129227623
129228729
129216599
129216597
129226735
129226574
129220527
129221880
129225777
129216840
129220557
129231570
129218993
129218994
129227776
129218618
129235148
129235192
129223269
129223810
129232261
129233873
129224639
129222589
129226944
129224298
129217194
129234410
129234642
129234660
129224730
129223342
129219367
129218147
129220281
129231091
129233727
129233715
129232677
129218446
129222415
129226571
129234530
129222131
129224227
129227904
129220262
129221613
129227736
129220955
129221420
129223747
129223408
129218059
129227439
129219691
129219268
129224518
129217711
129218756
129217297
129217086
129219624
129227813
129217116
129229807
129216281
129217066
129222014
129223422
129224444
129224400
129227314
129218502
129224459
129231076
129220312
129232514
129216091
129217616
129233020
129226050
129217002
129224852
129219892
129218802
129232192
129223168
129222748
129223910
129218504
129227440
129230017
129221652
129217496
129227476
129220142
129218312
129227670
129217360
129229261
129228149
129218156
129229203
129230467
129230473
129233360
129234185
129225620
129231675
129217806
129216775
129234154
129234156
129230088
129231592
129220178
129224577
129229595
129230712
129222021
129224500
129232345
129227303
129224883
129235286
129232340
129232082
129234449
129227824
129218055
129216288
129216292
129224671
129224452
129226381
129219349
129224125
129230848
129220175
129224597
129221015
129219658
129227836
129225960
129220404
129232351
129224189
129217543
129227496
129217294
129233725
129223973
129216466
129232132
129226269
129229675
129225909
129224120
129231768
129233750
129223730
129217020
129231679
129222148
129217572
129235277
129230738
129218320
129229207
129227726
129227811
129220685
129224201
129225198
129220249
129230678
129234312
129229557
129230683
129224719
129235157
129216860
129230693
129230261
129230692
129229821
129217319
129216096
129231138
129224760
129216368
129226864
129234541
129231353
129232441
129217028
129228371
129218456
129221560
129223892
129217771
129217250
129223836
129218964
129222555
129220081
129220047
129220238
129220242
129234067
129229946
129234690
129219756
129226112
129224088
129227684
129231207
129219659
129224502
129217520
129225755
129221310
129217552
129231944
129229379
129224096
129222101
129226064
129232779
129223291
129227697
129231269
129222820
129226238
129218131
129229860
129224586
129219045
129217168
129217044
129227662
129220473
129233218
129231441
129234638
129228079
129233937
129231016
129225998
129233117
129221308
129217098
129224470
129234149
129219933
129234581
129223445
129217084
129218079
129219697
129219419
129223918
129220500
129220821
129233658
129233408
129220451
129222395
129219688
129219385
129232107
129218620
129222075
129216878
129221524
129229768
129225754
129232621
129220008
129218840
129225077
129224314
129234407
129217499
129228445
129230074
129219875
129222054
129233665
129220508
129221409
129231419
129231241
129230462
129217053
129223543
129221251
129220158
129218635
129221617
129221940
129219306
129228665
129217049
129221956
129217595
129227338
129227348
129220741
129222119
129216748
129222740
129222140
129218330
129232477
129231274
129217719
129222508
129224063
129235153
129217230
129216462
129219292
129229957
129216503
129231267
129221907
129229781
129226748
129216766
129230753
129221707
129231307
129222271
129224684
129218151
129234290
129225993
129225122
129226185
129219160
129227382
129217192
129217344
129220245
129232233
129225884
129227487
129225259
129227231
129223842
129227510
129224619
129227271
129219777
129233017
129225772
129224441
129218243
129231429
129220764
129219725
129224697
129229719
129221100
129216044
129233289
129228099
129222292
129230538
129231204
129230698
129230699
129218541
129222275
129234400
129224109
129224106
129216897
129219813
129224010
129224158
129217731
129220365
129231286
129225286
129221963
129216234
129230635
129225691
129221542
129233168
129217010
129224813
129223865
129220642
129226923
129234015
129232136
129227447
129229274
129218409
129224637
129232337
129222157
129231296
129234608
129217128
129216945
129224229
129222266
129216041
129229753
129223895
129222205
129222780
129225728
129225727
129232663
129226818
129220394
129225093
129226488
129226221
129226243
129219307
129222335
129217057
129223071
129221147
129219749
129234437
129217515
129230577
129225838
129227733
129225222
129230489
129232483
129220468
129220231
129229872
129232274
129217339
129225832
129225831
129220647
129235255
129218006
129225261
129216387
129226405
129222329
129231260
129224372
129224526
129230671
129231289
129217371
129221162
129228308
129228281
129232722
129216625
129228037
129228069
129227519
129221623
129234636
129231268
129233722
129219997
129224806
129229583
129217006
129222856
129226550
129216185
129224309
129228635
129224042
129227593
129225153
129225744
129227720
129229602
129229521
129228463
129228462
129225784
129226295
129227357
129234551
129222111
129235181
129224279
129222331
129222070
129231582
129226555
129217005
129220246
129223846
129217623
129227564
129218605
129223989
129221874
129227051
129229791
129217146
129226575
129220039
129229989
129217140
129229869
129222825
129222232
129224116
129233035
129228440
129218158
129227731
129218588
129228389
129223764
129224006
129219195
129217274
129229666
129229661
129222048
129229260
129232810
129232144
129226019
129227512
129221945
129235195
129234515
129224380
129217038
129227599
129224537
129220126
129234486
129226909
129217553
129230105
129229971
129216792
129224578
129226298
129221501
129231579
129216178
129228646
129227642
129216411
129221250
129217295
129217155
129216396
129226539
129224061
129216941
129220499
129232346
129218268
129226854
129221189
129223400
129222006
129221188
129228491
129223951
129232054
129224318
129231061
129229739
129228081
129233711
129225552
129229438
129225849
129227471
129234468
129220029
129217574
129232604
129226939
129235150
129222406
129216965
129230046
129228264
129229537
129218455
129226034
129216414
129229382
129224327
129222153
129220377
129221440
129231349
129217106
129217641
129222953
129220343
129219972
129226190
129235327
129220203
129229728
129230066
129235272
129224195
129220074
129232633
129217359
129221517
129222783
129220978
129217142
129230640
129217633
129228297
129234548
129225611
129229654
129218773
129221489
129233250
129223414
129218169
129228711
129225680
129225003
129225687
129231362
129222294
129234033
129233491
129218333
129218578
129216090
129226076
129219897
129229312
129216448
129229366
129221213
129223310
129220279
129221595
129234392
129216102
129228148
129220609
129222940
129222380
129220371
129219722
129230739
129228581
129223066
129223069
129227269
129220088
129220086
129218979
129224662
129225616
129220038
129220187
129220188
129221127
129226518
129234603
129217379
129219290
129219302
129226793
129234115
129234116
129229876
129234604
129229980
129217468
129225511
129220375
129222643
129223999
129226663
129233007
129230422
129225836
129235106
129223936
129226622
129225499
129229589
129226202
129224387
129220805
129216990
129228089
129227488
129226913
129216051
129216569
129220535
129220742
129220189
129224582
129224151
129225307
129221591
129221590
129217266
129232578
129225231
129228298
129220348
129215997
129222223
129217227
129225524
129230021
129225504
129234493
129227613
129231301
129217602
129229619
129221928
129220483
129233469
129222392
129229528
129231410
129227031
129229702
129233900
129220302
129227545
129220133
129231550
129225155
129231538
129230048
129231406
129220967
129231500
129220095
129222029
129219648
129227364
129224405
129230200
129227309
129225023
129224091
129231219
129228677
129225681
129234205
129218223
129229959
129221273
129228710
129222387
129224330
129223101
129227645
129235244
129234570
129219343
129233229
129217422
129231114
129221272
129228257
129218179
129225179
129227715
129225150
129216437
129232400
129225523
129228116
129229359
129230920
129226356
129230622
129221488
129231178
129219335
129228073
129222819
129216188
129216907
129229999
129219146
129226431
129231285
129216997
129229360
129220229
129222023
129225275
129224802
129224155
129234462
129222135
129227236
129233028
129228385
129220099
129225952
129220425
129217571
129225576
129225931
129225843
129227685
129233199
129223980
129225306
129216240
129218498
129217078
129217079
129219745
129217391
129221165
129232422
129216074
129234269
129224112
129220287
129217358
129226468
129219817
129220123
129230750
129223396
129234432
129227313
129228306
129224534
129218209
129222716
129226732
129226787
129226065
129221938
129229548
129229668
129221345
129233527
129222042
129233526
129227829
129218414
129227848
129221193
129230023
129224977
129227221
129233134
129218654
129228094
129216969
129231222
129226516
129228291
129225692
129216733
129223738
129227749
129223068
129217453
129222785
129229864
129218664
129226194
129235291
129221449
129229867
129224473
129218398
129224113
129221671
129222425
129226115
129222341
129223877
129223938
129225305
129220950
129217486
129230465
129222212
129233422
129231722
129224429
129222267
129224541
129221536
129224898
129233101
129232557
129225655
129216471
129225170
129224665
129229851
129233295
129233375
129231501
129232587
129225295
129225133
129217443
129217205
129216026
129222128
129231456
129229982
129222330
129224001
129223098
129222063
129219929
129217257
129223737
129227064
129222457
129222376
129228367
129224774
129216063
129216293
129235109
129235108
129235321
129230165
129226680
129228572
129227712
129228402
129221537
129220541
129216050
129222145
129222176
129225123
129233174
129233273
129228727
129222850
129222357
129232459
129219424
129218886
129227253
129230936
129227555
129230519
129216158
129223798
129216252
129232816
129232814
129228696
129232128
129224299
129220959
129225908
129227247
129225649
129221371
129222233
129216430
129220171
129222606
129224466
129225847
129232079
129226491
129219298
129229694
129227663
129228029
129227688
129229639
129221131
129230707
129224771
129216033
129227393
129222363
129235218
129220028
129231812
129231833
129227506
129217580
129223735
129224485
129230974
129231802
129229282
129217217
129218678
129222355
129227053
129222534
129230980
129218548
129221079
129219840
129225910
129231585
129228705
129220917
129221481
129224255
129217180
129225607
129218113
129227278
129217198
129217031
129216735
129221260
129227304
129219841
129217080
129231278
129222382
129219395
129222742
129227295
129233132
129220730
129217103
129232594
129219278
129222105
129234641
129217547
129234435
129230749
129228210
129228212
129222337
129227010
129222228
129226014
129231775
129226104
129229235
129226563
129218372
129225973
129222022
129234306
129233241
129216473
129219391
129216741
129220746
129221547
129225078
129218175
129223834
129219228
129230034
129234391
129229534
129222588
129228263
129217629
129220253
129233919
129231096
129218060
129220326
129217335
129235126
129230419
129223934
129218945
129222072
129235299
129221358
129217619
129225184
129222973
129225796
129225750
129215985
129229755
129227607
129234131
129231369
129223033
129228140
129220146
129234574
129219120
129222583
129229567
129219878
129234583
129220177
129225591
129231437
129230639
129221836
129225975
129216200
129225946
129224097
129221594
129222005
129226637
129220367
129228249
129229215
129229591
129230162
129223337
129228045
129217173
129231478
129233744
129221755
129224221
129218986
129224024
129220306
129229383
129227716
129227796
129222627
129234628
129234387
129219879
129219210
129225302
129216649
129221622
129224101
129218276
129218263
129221901
129220497
129222107
129224084
129222143
129219436
129222231
129232623
129227775
129222649
129217664
129218115
129235038
129223423
129221582
129218643
129233908
129222001
129217070
129219197
129228354
129224060
129224059
129218052
129222064
129232559
129233570
129233369
129220892
129220285
129220883
129233367
129233371
129221094
129221090
129224344
129233370
129218084
129228399
129216827
129230038
129222296
129225913
129227274
129215990
129230744
129226497
129224423
129220423
129229279
129229280
129221483
129232401
129231272
129231085
129220328
129229562
129226127
129223763
129216340
129229645
129229331
129230288
129222656
129232454
129216392
129230704
129220814
129221954
129217400
129220526
129225587
129232653
129218107
129219758
129228139
129220313
129216986
129223133
129227235
129233764
129231652
129221337
129222769
129222664
129217036
129218363
129225613
129220194
129225436
129235193
129229874
129217485
129221024
129223907
129217056
129229604
129234308
129220392
129224839
129233796
129221200
129230650
129229372
129222098
129226645
129221856
129230486
129216944
129222520
129224717
129224642
129227514
129230636
129216195
129225053
129218544
129221093
129235160
129221184
129226164
129216851
129233271
129217412
129221157
129221233
129229923
129230695
129221994
129223128
129229575
129230559
129220225
129232635
129224315
129228121
129217030
129221048
129216155
129217016
129225106
129225107
129224276
129219919
129219289
129217716
129227815
129225848
129229590
129222827
129229952
129231355
129231010
129227245
129233910
129233536
129227326
129225839
129221858
129221244
129220707
129216943
129227842
129234411
129224681
129221925
129226069
129225994
129222497
129220422
129225174
129224559
129226442
129219679
129224572
129219736
129229665
129229326
129229286
129230174
129227576
129216193
129229848
129225210
129231048
129233103
129224019
129216007
129228282
129224634
129222192
129216212
129217458
129220680
129219381
129222129
129227676
129221574
129223447
129235249
129227233
129225659
129231063
129230445
129220774
129216075
129229267
129221174
129229540
129230076
129223358
129227482
129224972
129222215
129234427
129221013
129216598
129217689
129222661
129232248
129230097
129224909
129224724
129234518
129230184
129233934
129231600
129231311
129233105
129235227
129222717
129235186
129234395
129222059
129224117
129217290
129226206
129226204
129219910
129229890
129219327
129233743
129234182
129222612
129233582
129227781
129229209
129224333
129225811
