129223033
129228100
129216600
129218059
129224610
129224103
129217335
129217614
129229399
129221182
129229619
129231803
129221226
129225994
129230023
129219841
129217042
129225235
129229873
129227642
129230729
129234021
129229163
129224947
129224670
129220893
129234437
129233007
129228306
129217468
129230660
129232139
129221428
129224371
129225616
129228696
129217543
129218986
129220954
129218644
129222209
129231872
129223801
129227400
129233887
129230356
129224125
129224796
129216193
129228729
129220967
129226827
129234396
129234541
129230233
129220233
129233970
129222444
129217351
129225570
129232688
129221396
129226612
129225843
129229405
129225324
129220238
129224841
129218653
129231063
129234306
129220497
129230433
129227934
129231279
129227935
129234246
129224848
129227551
129219691
129221300
129223125
129229690
129223770
129225139
129220961
129217220
129227294
129230419
129228647
129221583
