129232056
129234003
129220994
129228100
129226913
129232422
129217227
129231722
129227221
129225782
129224321
129234459
129227530
129225137
129216473
129234315
129219697
129227581
129235289
129229678
129231592
129227892
129216158
129225946
129228092
129224072
129217099
129222073
129221288
129221071
129223936
129224141
129233683
129224545
129234598
129218820
129217690
129231204
129217521
129230269
129217554
129221893
129221073
129234244
129216642
129222455
129229285
129233043
129219449
129218156
129224158
129218446
129216207
129216954
129223783
129225993
129224594
129225631
129228564
129226083
129220394
129220125
129227486
129230729
129217186
129222425
129227393
129222716
129223811
129222315
129225907
129230090
129229301
129227472
129224374
129235249
129218676
129224393
129224697
129221530
129219163
129231350
129219659
129225819
129220221
129219243
129234608
129222497
129220253
129225944
129224396
129224777
129219663
129217194
129218723
129219817
129225058
129224810
129227023
129226112
129225305
129222291
129219294
129222647
129222226
129221985
129234312
129216870
129234441
129233289
129233935
129216155
129227106
129225793
129225078
129218196
129220348
129229868
129229286
129216159
129222237
129217241
129234292
129231075
129230020
129216092
129217485
129221907
129226595
129222393
129231610
129224249
129224061
129223954
129227553
129226848
129223945
129222058
129217629
129229213
129224000
129224075
129234594
129226052
129233322
129233970
129219015
129216897
129222280
129228226
129221504
129232649
129217527
129227064
129220201
129229280
129222847
129219253
129230465
129219381
129223982
129221349
129225968
129225658
129226555
129228108
129222232
129227382
129227510
129220310
129232575
129218083
129228148
129235227
129218632
129220238
129219251
129220177
129224063
129219268
129232066
129216031
129229823
129224378
129224128
129224491
129225198
129218750
129220870
129217358
129234306
129217473
129225533
129235086
129231399
129229653
129227396
129217070
129229470
129231845
129231557
129225760
129220661
129231871
129229321
129224069
129220326
129224592
129220713
129222769
129229839
129234502
129229903
129229366
129222032
129223131
129225975
129218678
129225755
129233079
129229627
129216903
129221523
129226695
129222003
129234155
129229775
129220299
129229604
129231342
129217240
129220035
129216931
129233220
129222176
129224909
129229884
129226074
129217085
129233522
129228041
129222529
129228227
129230636
129216250
129226434
129218006
129234603
129219767
129216041
129228168
129227278
129226106
129228234
129225937
129224473
129220746
129219813
129221095
129223033
129223380
129234471
129217300
129235100
129224117
129228096
129222653
129225301
129230046
129229650
129218073
129231221
129234526
129234449
129225716
129226425
129220319
129227496
129230619
129220047
129224066
129216374
129218039
129217158
129225619
129220198
129225153
129227603
129220455
129230021
129225210
129216196
129216257
129230579
129230458
129226327
129224487
129227335
129220541
129221483
129223925
129225633
129222204
129228628
129220422
129232138
129222298
129222575
129225245
129225833
129222112
129220128
129220472
129227869
129221281
129227231
129222013
129235195
129216387
129234392
129225676
129233137
129229872
129230999
129229669
129231445
129231274
129232128
129224309
129221626
129229873
129226447
129221260
129218115
129227642
129217202
129222590
129234686
129219883
129230077
129223388
129225847
129230747
129222881
129225598
129230637
129222882
129220755
129223168
129227040
129227268
129224459
129219349
129217028
129230333
129219983
129229729
129216177
129227726
129223098
129216172
129225692
129226631
129235278
129234103
129222508
129218515
129222880
129218457
129226413
129217425
129216215
129216883
129217510
129223918
129216234
129234156
129224463
129220166
129227246
129226381
129227409
129226297
129223737
129221180
129227805
129233021
129222022
129233430
129228025
129218330
129222862
129229307
129223763
129231275
129222630
129222353
129222451
129229465
129230240
129228113
129217030
129222583
129226918
129222519
129231083
129222736
129229894
129222682
129219045
129217098
129219850
129220353
129225905
129232191
129231268
129223015
129228099
129232967
129233887
129233023
129224009
129223989
129218979
129232571
129217541
129221327
129229433
129226497
129232982
129222148
129230462
129234690
129234406
129228550
129230174
129234440
129226234
129222355
129224415
129229395
129217312
129217088
129225739
129224441
129220955
129225307
129224830
129225303
129216830
129222457
129225505
129221537
129231016
129217215
129220285
129224541
129221949
129224611
129227580
129234182
129235284
129219671
129227295
129217265
129227999
129227934
129231471
129234645
129227557
129227053
129224024
129221872
129221160
129217084
129223948
129219929
129217006
129229456
129217805
129221489
129220800
129221311
129224227
129228646
129221938
129227412
129225974
129231759
129223886
129233495
129221573
129229587
129217571
129234147
129229860
129224569
129222429
129229510
129234187
129229690
129226861
129217264
129217484
129229367
129227469
129220749
129234252
129216075
129220195
129224307
129224763
129226477
129217460
129225155
129221584
129225038
129222606
129217100
129217568
129227849
129227737
129227618
129219658
129216785
129224942
129218494
129231281
129226585
129232144
129221270
129231270
129230697
129217005
129217546
129233240
129228647
129228405
129221169
129225681
129227825
129231427
129218680
129220437
129219810
129230434
129230715
129223085
129224064
129234593
129233781
129219840
129229252
129223427
129229548
129224724
129226421
129234388
129226535
129229480
129234420
129223447
129227692
129231860
129231250
129221325
129222054
129219900
129227067
129226107
129228083
129216888
129221182
129220805
129232233
129225728
129220742
129225068
129230266
129230790
129233671
129224500
129226877
129218498
129223070
129219725
129220959
129223934
129228464
129227288
129222588
129219108
129228122
129230023
129225273
129216851
129232793
129222954
129232493
129219797
129231259
129220829
129229279
129234431
129233040
129230490
129229835
129234391
129224413
129230032
129217496
129217340
129222795
129230035
129223777
129222900
129235031
129224237
129231138
129218015
129217512
129222001
129229443
129220203
129223343
129217359
129229217
129229284
129217168
129217097
129228309
129217470
129235238
129230679
129220468
129216057
129228121
129227499
129224096
129221449
129224739
129227627
129229668
129216442
129234518
129216914
129234395
129226854
129229372
129215993
129219689
129225300
129227676
129225794
129220343
129222099
129223804
129234679
129217193
129223431
129224466
129234577
129225094
129225636
129222601
129220029
129221428
129226077
129224371
129226311
129233907
129224327
129225223
129219298
129227807
129227848
129220257
129220954
129222209
129232684
129221406
129227317
129225504
129225757
129233876
129216110
129216018
129232653
129225909
129219778
129233272
129230649
129223810
129220609
129233271
129217547
129225611
129226639
129225898
129229477
129226464
129225792
129221188
129230643
129229513
129234541
129226338
129228369
129220233
129217734
129223229
129226050
129216466
129222228
129229468
129218662
129229474
129234688
129233059
129222415
129228064
129217446
129232819
129220906
129231355
129216735
129232646
129219442
129235122
129233444
129224977
129219228
129222173
129223872
129224765
129220189
129227160
129221136
129216284
129218790
129227730
129229572
129217216
129229379
129234488
129226446
129223215
129225169
129225265
129220453
129226115
129233375
129231247
129229306
129235228
129216937
129226190
129220741
129225107
129218481
129230102
129230445
129224304
129227935
129231847
129224221
129219335
129228569
129222158
129223270
129231222
129223428
129230271
129222009
129223331
129225112
129229613
129225102
129225295
129227551
129225133
129226574
129216570
129227522
129228466
129218147
129230200
129219424
129225960
129231286
129223720
129229689
129228601
129232980
129231505
129223877
129218692
129217594
129229230
129227550
129222645
129217274
129223421
129223445
129217371
129216645
129223204
129228389
129226037
129225826
129223734
129234532
129223825
129218765
129221201
129221342
129220950
129220187
129220245
129222271
129227269
129224993
129217197
129223864
129216428
129224157
129219249
129224520
129224964
129225138
129218529
129234352
129223351
129216153
129225304
129216131
129230738
129227545
129225641
129217107
129220821
129230377
129224010
129229246
129229436
129221836
129220386
129229957
129222406
129215985
129223870
129216940
129222116
129229558
129220539
129220040
129232520
129220095
129235282
129228045
129223895
129226504
129223342
129222341
129221856
129232453
129226561
129221321
129220346
129216178
129216956
129234205
129225869
129222181
129231960
129224165
129221226
129223438
129216915
129220305
129234435
129224990
129221612
129217079
129231600
129229705
129225306
129234177
129219922
129220535
129234253
129221594
129225523
129223966
129222143
129217053
129221155
129231392
129216384
129235133
129233536
129231522
129235255
129221904
129216121
129223862
129231533
129228216
129224088
129221851
129230280
129230714
129226085
129218517
129221353
129217373
129220053
129227841
129217539
129226002
129218349
129227395
129233915
129221921
129231632
129225258
129230635
129219664
129233168
129228677
129218287
129228367
129229358
129222442
129222690
129224405
129219948
129229331
129226202
129226104
129224296
129235181
129229580
129219975
129233024
129225824
129235194
129221511
129225616
129224715
129228031
129221367
129225190
129221616
129230393
129234434
129220952
129222780
129228208
129229768
129229620
129217231
129232252
129224671
129221525
129218046
129224883
129231456
129216267
129223409
129231082
129224757
129224283
129226823
129230356
129228249
129221461
129231587
129231705
129223430
129217691
129221123
129222206
129231760
129218179
129231588
129234396
129226516
129228079
129233135
129222231
129230358
129225436
129222069
129235183
129225199
129217257
129222427
129234408
129224121
129216717
129226673
129232623
129217515
129231570
129221567
129223749
129222597
129234067
129226289
129224929
129220202
129232523
129233229
129224195
129221231
129228293
129226559
129229500
129216871
129220594
129223816
129225732
129229531
129222556
129231768
129217016
129223286
129223446
129229334
129228106
129222717
129220207
129224177
129224020
129221412
129217029
129217135
129232663
129227631
129227889
129217405
129222100
129225955
129230625
129224468
129225721
129227423
129229398
129230580
129220220
129225867
129227271
129229739
129225931
129216733
129226127
129233582
129234119
129229328
129222708
129223892
129224315
129231260
129234237
129216165
129222293
129232827
129225308
129224892
129225622
129230749
129222692
129221558
129225565
129222136
129220240
129225973
129217550
129226116
129230165
129217218
129233547
129232730
129225286
129233020
129219726
129216074
129225506
129219728
129229652
129220175
129217220
129233937
129227540
129221903
129234462
129235106
129219648
129222281
129231665
129224660
129220133
129231775
129228426
129230485
129234635
129226094
129220181
129216997
129227565
129224642
129221404
129218379
129221386
129225551
129229728
129224041
129217614
129225763
129221755
129232810
129221414
129218619
129221218
129224667
129217379
129233803
129232399
129228665
129219299
129218116
129222657
129226618
129224930
129224229
129224771
129226596
129234480
129235085
129228264
129220028
129229385
129218536
129217052
129221324
129225618
129234636
129216960
129229416
129234548
129216879
129228290
129223128
129225499
129229670
129222265
129221125
129216225
129221172
129223059
129225235
129233014
129231650
129222270
129222207
129216012
129219392
129227607
129229383
129220931
129227836
129223822
129234021
129220142
129218389
129227543
129226944
129221671
129220182
129234207
129220658
129222500
129218064
129220893
129218491
129219286
129227025
129226288
129227735
129222626
129221868
129221526
129227503
129222742
129232784
129220215
129233564
129225253
129217467
129224151
129226732
129224445
129221048
129226211
129220680
129217688
129221581
129229821
129232777
129234162
129228186
129230665
129227583
129225274
129222820
129220603
129219884
129223162
129232132
129222160
129232662
129227708
129230043
129216934
129216878
129224372
129217819
129227297
129233422
129235090
129217597
129222608
129225797
129222016
129231413
129217230
129227431
129218431
129222883
129225770
129227485
129219146
129222853
129234269
129232357
129225715
129222803
129229350
129224291
129220302
129224230
129231521
129221609
129218158
129230612
129217565
129235148
129218131
129220117
129217180
129224972
129217595
129227357
129230566
129222395
129219749
129224238
129220255
129221574
129226121
129230726
129235254
129228354
129230576
129220086
129226380
129228615
129222748
129218546
129226953
129224116
129218544
129227017
129223874
129219210
129217072
129222192
129217351
129226390
129220842
129216009
129224119
129230074
129227562
129230606
129216624
129228281
129234494
129227764
129216282
129224578
129216907
129229529
129226476
129220123
129225587
129220208
129231867
129217683
129226154
129224120
129222140
129223613
129231424
129217585
129227980
129233015
129227684
129232577
129220439
129229976
129229631
129218113
129221617
129232816
129217489
129226027
129226453
129223908
129227037
129222202
129232234
129223093
129229537
129230514
129225657
129217004
129219454
129225261
129228069
129234246
129224548
129226015
129221127
129225683
129227439
129235286
129217217
129235160
129225061
129219164
129234570
129225882
129225764
129231394
129224668
129227488
129216239
129223224
129227360
129217114
129232433
129216071
129222088
129234642
129225620
129219925
129225800
129230874
129221542
129216680
129225003
129220339
129224502
129229847
129225181
129229563
129221341
129218604
129218650
129233157
129225591
129226548
129223411
129227669
129220384
129220406
129227304
129221358
129227294
129217412
129232364
129226952
129232274
129230981
129219184
129229413
129220260
129223979
129226601
129228116
129227939
129220877
129226549
129221307
129219642
129217090
129218949
129227715
129228396
129219629
129229969
129233134
129216026
129216050
129217335
129220228
129222740
129234631
129223133
129218643
129225900
129216093
129224558
129229619
129233727
129231114
129233469
129230040
129218649
129223223
129227594
129224898
129218238
129225143
129217572
129217623
129227041
129222834
129234229
129219969
129216188
129235189
129221560
129229588
129219841
129225281
129223406
129224518
129224086
129228484
129234663
129223056
129220237
129228044
129230055
129222155
129222067
129216862
129229567
129219452
129216055
129227506
129229242
129220414
129224670
129219892
129226414
129219237
129221015
129222063
129228266
129216091
129235311
129231426
129220132
129232165
129225874
129229922
129224082
129233910
129227661
129222337
129232524
129216994
129227588
129225204
129219352
129220236
129219420
129235123
129229654
129231201
129228500
129235109
129232676
129217377
129221013
129224115
129234439
129222696
129226305
129227369
129233158
129222027
129224197
129223315
129224112
129222072
129216850
129227727
129218644
129223414
129216063
129229528
129230607
129220740
129220630
129219333
129218886
129222091
129223852
129224802
129229482
129232557
129226378
129233355
129226508
129219734
129227249
129218406
129220967
129232400
129234373
129217347
129230162
129221174
129234748
129226164
129217128
129218219
129225916
129231278
129231429
129229374
129216414
129216187
129216135
129227875
129218123
129222444
129227527
129229831
129228440
129232079
129229215
129224148
129227685
129221623
129229392
129221232
129222241
129229439
129221582
129216944
129224641
129220451
129229405
129234427
129230010
129225508
129228491
129220387
129216106
129218377
129218571
129229982
129216102
129231433
129234418
129224485
129221536
129219750
129222307
129222131
129231005
129231851
129228557
129216392
129234581
129227386
129221880
129222070
129215983
129231302
129220477
129220365
129219440
129231507
129221336
129232715
129227314
129233746
129229862
129216223
129229890
129228574
129223940
129222643
129230748
129217376
129229522
129227235
129220381
129226488
129223125
129226923
129232635
129225832
129223021
129227909
129220369
129222772
129227471
129218605
129229400
129227030
129229422
129225687
129222186
129220084
129225531
129231883
129224080
129227487
129218136
129220442
129230277
129222224
129216213
129224526
129220342
129217581
129230633
129231579
129229930
129229336
129234098
129221593
129233664
129220355
129218705
129231376
129217002
129227309
129220508
129220039
129231096
129234192
129224988
129226388
129219120
129220074
129227759
129222284
129228058
129227517
129223957
129234616
129218111
129223828
129219189
129216120
129219223
129224103
129220279
129232591
129217080
129217266
129227057
129217576
129224272
129219197
129221967
129221631
129225674
129230645
129230017
129225950
129227054
129221100
129230641
129233918
129232325
129232340
129232733
129229622
129220526
129224173
129222335
129217385
129230671
129229360
129222487
129226716
129225994
129224553
129223661
129225156
129220336
129229801
129234522
129223368
129229591
129227813
129232450
129231289
129225123
129227447
129223736
129235150
129231383
129222939
129216649
129226082
129220246
129234481
129227717
129229203
129216044
129230577
129230605
129225985
129219684
129229836
129224052
129222786
129221297
129221501
129217367
129229425
129222102
129222486
129229582
129234626
129234437
129218333
129223952
129222991
129233923
129224314
129227979
129227576
129218408
129223987
129216901
129217044
129229304
129217019
129231272
129224439
129224699
129219289
129220499
129229648
129234407
129233154
129224051
129228355
129232082
129222496
129222145
129233571
129231706
129216817
129228291
129225515
129217580
129234545
129227430
129217472
129221947
129230236
129230621
129221637
129225982
129221283
129218562
129230822
129227463
129220298
129227003
129224425
129231257
129234149
129224557
129222111
129230744
129231051
129230695
129224205
129225577
129229561
129229504
129217462
129229807
129224125
129221547
129234387
129231827
129227230
129231542
129231464
129217192
129230075
129233099
129218052
129229791
129220764
129217212
129226336
129217769
129221707
129230980
129228048
129216965
129227526
129218497
129218312
129229319
129220269
129230097
129222316
129220041
129220464
129227465
129223767
129226103
129229448
129219823
129233296
129217453
129226273
129226612
129226135
129233736
129220284
129216963
129231428
129229876
129224533
129225532
129234650
129230586
129230936
129218417
129223938
129227244
129226324
129231324
129223429
129225718
129221137
129224299
129230569
129229460
129220779
129227854
129222130
129229426
129228581
129229955
129235137
129222735
129220902
129227394
129221005
129226818
129230048
129217513
129233521
129228211
129219889
129216880
129222467
129230489
129220642
129234222
129234124
129225998
129217667
129234342
129227955
129233864
129229925
129230104
129223914
129217743
129230698
129228306
129220897
129224059
129230650
129234673
129233924
129227371
129230034
129222461
129220335
129226455
129230061
129217329
129228243
129216504
129235294
129221956
129220377
129225645
129232487
129221279
129229397
129228473
129227349
129218114
129230119
129216299
129229804
129224537
129223798
129216939
129224722
129218541
129222819
129216003
129226793
129234130
129231296
129229730
129217196
129222465
129216096
129224610
129221859
129224812
129225748
129223840
129232346
129223915
129227364
129220268
129234647
129224392
129230727
129225179
129220425
129234120
129218461
129231821
129229575
129216015
129221398
129222781
129229753
129222225
129216754
129235117
129233017
129220104
129228536
129228668
129231529
129228053
129217145
129218892
129225643
129222233
129219017
129220423
129220306
129227799
129220328
129228282
129227885
129227383
129230261
129217757
129218283
129232463
129218786
129234279
129225891
129224400
129216986
129220715
129230694
129217657
129218821
129230975
129224347
129228554
129217093
129227904
129224028
129223358
129217095
129232454
129221193
129222098
129225734
129219908
129215991
129223824
129226111
129223951
129226748
129227662
129234290
129216448
129233795
129217738
129219009
129226122
129220344
129223761
129216972
129221142
129221940
129219999
129216544
129233450
129220124
129224100
129220722
129217422
129221310
129226132
129234116
129231576
129234415
129223730
129225178
129230068
129235309
129222035
129223859
129221524
129235272
129219745
129226039
129231218
129219984
129227275
129224318
129217613
129224728
129221484
129225064
129226030
129231755
129224328
129216625
129227016
129226637
129222388
129218905
129221874
129219920
129224624
129234204
129229247
129224423
129229369
129222124
129215990
129217551
129230432
129222593
129221977
129224434
129225340
129216193
129229867
129223933
129220982
129228195
129227923
129233936
129226194
129216175
129227483
129222664
129222287
129230062
129224006
129233858
129223424
129231227
129225639
129230735
129222392
129217122
129220148
129231478
129228552
129234573
129223400
129225836
129225136
129235180
129222059
129225707
129230739
129230252
129227458
129228026
129230255
129229748
129224250
129231543
129218572
129216462
129227441
129220186
129227279
129220217
129225530
129218455
129226680
129222048
129229639
129231207
129224669
129217820
129229937
129223812
129227010
129229583
129225908
129229359
129223906
129225605
129227238
129221441
129216866
129229574
129222236
129224246
129225649
129219000
129222339
129230530
129229396
129219282
129224209
129224034
129218151
129223193
129234574
129225144
129219160
129229869
129224848
129225201
129235293
129216698
129222132
129223978
129227051
129222826
129234128
129219340
129230052
129224123
129218263
129221995
129217806
129234076
129233429
129221820
129233447
129231314
129222029
129220523
129218612
129220287
129225906
129223836
129221950
129227835
129222275
129228182
129218525
129223753
129227303
129222328
129227791
129229590
129216230
129229999
129221322
129221583
129232140
129227758
129224530
129227802
129228618
129228387
129230220
129231236
129233360
129228040
129221181
129221108
129221308
129224155
129234458
129225290
129220219
129220312
129229220
129223069
129224603
129224404
129229887
129234514
129216340
129230538
129235330
129226893
129228593
129222389
129220147
129233029
129222816
129227670
129229989
129218776
129224383
129230509
129216082
129216033
129218320
129227811
129217633
129220888
129225608
129221999
129226216
129229566
129216212
129219946
129225772
129229377
129219307
129229393
129218199
129228098
129223963
129228037
129224717
129217458
129226064
129224626
129216764
129233526
129232675
129228119
129227559
129216946
129219279
129217563
129222075
129225595
129222329
129221514
129224947
129222924
129227712
129219828
129229694
129220329
129233945
129225630
129224958
129225113
129216976
129220262
129229946
129226806
129231575
129223747
129224470
129228510
129226088
129219216
129218695
129227233
129227285
129219847
129229766
129221356
129227324
129217509
129227511
129221869
129221452
129231311
129225229
129220018
129223973
129219703
129232139
129229297
129230604
129221586
129231550
129227555
129234780
129219919
129221334
129219688
129228142
129232612
129220553
129222033
129232480
129218245
129216471
129227922
129220503
129229469
129231353
129227624
129224576
129225844
129217543
129232550
129218945
129218521
129219835
129227504
129217291
129221266
129217711
129228173
129216247
129233311
129234486
129220008
129222679
129216411
129228006
129231010
129229540
129229614
129224265
129219274
129231437
129234099
129223821
129220500
129229696
129231301
129233711
129220171
129218216
129235174
129223834
129225883
129221975
129230962
129230581
129216185
129229496
129220978
129230663
129221413
129230369
129216943
129231148
129217184
129235170
129225570
129228184
129221634
129228269
129224054
129220072
129217043
129229211
129223288
129216169
129227671
129228180
129226185
129226518
129225613
129229534
129220313
129222064
129224188
129231261
129224638
129221157
129235157
129229330
129216748
129229719
129227824
129233677
129227440
129231500
129224298
129222188
129223337
129226238
129230642
129221377
129225259
129225230
129218819
129224027
129224225
129230088
129231369
129225913
129230675
129225920
129226571
129233658
129216430
129228402
129221607
129220591
129231279
129229724
129227613
129221371
129231349
129220033
129219693
129226415
129234211
129235266
129229411
129223196
129225280
129227338
129218659
129225053
129230750
129229634
129221388
129217103
129224534
129216838
129227766
129217795
129217339
129232578
129219456
129224692
129222028
129217059
129229675
129217131
129232842
129228463
129219752
129219761
129220252
129223965
129229260
129217038
129217314
129230639
129220465
129217064
129222113
129216980
129226523
129219214
129229750
129225762
129217676
129219342
129222642
129224681
129225101
129227688
129234653
129221550
129217797
129221408
129229243
129218146
129231267
129221337
129234175
129219306
129221265
129220280
129233455
129219977
129216478
129218208
129227418
129227512
129230640
129219290
129225275
129224022
129229381
129221766
129231501
129222138
129224360
129226387
129223843
129229368
129220650
129221470
129235153
129224333
129229238
129217631
129229463
129222987
129222105
129220146
129221282
129234491
129225547
129220984
129217672
129234551
129233028
129234236
129222217
129229571
129217520
129224455
129222080
129223340
129221102
129228304
129220006
129234571
129220837
129232798
129219962
129217143
129227981
129222295
129226251
129230982
129229755
129221373
129225849
129219391
129224094
129217142
129227985
129233007
129231455
129225777
129223861
129220157
129224560
129230721
129235320
129224678
129221097
129231636
129229734
129224150
129228261
129233842
129227428
129216887
129229209
129216716
129233801
129217056
129221385
129225807
129219626
129227272
129221200
129222383
129234583
129227435
129230066
129225682
129219666
129219903
129222462
129224305
129232543
129227399
129232127
129217288
129225589
129230848
129230648
129233345
129234482
129221654
129235192
129224260
129220027
129229276
129233128
129222397
129223935
129234649
129218234
129219367
129225149
129231875
129224287
129229501
129218555
129229829
129235318
129225077
129216792
129230076
129222119
129215996
129217244
129229365
129224575
129222661
129232115
129216232
129226105
129233132
129221287
129222734
129228346
129224501
129226564
129224856
129223738
129218654
129227243
129217612
129221101
129231758
129230084
129227466
129219935
129226526
129219498
129218363
129230684
129227031
129228297
129220948
129223101
129228295
129216354
129221853
129229913
129228606
129229624
129227829
129223423
129226405
129229640
129224852
129228089
129217051
129227321
129222988
129223897
129234414
129226605
129226671
129219460
129218373
129225048
129224556
129229287
129227645
129232136
129229666
129217926
129223291
129227095
129223964
129224387
129225653
129222005
129217557
129225799
129217552
129217620
129226679
129219318
129222014
129225520
129222193
129235158
129221459
129224662
129217421
129222308
129226014
129234615
129224401
129222276
129225894
129232813
129219244
129217057
129222285
129228311
129218084
129226035
129217116
129217693
129233465
129219670
129224222
129225139
129220961
129235244
129231212
129223440
129234006
129229444
129226028
129225697
129220020
129225231
129222055
129220496
129222469
129218458
129228257
129222330
129231833
129228139
129221986
129219315
129227797
129222346
129226565
129225552
129224189
129218243
129234607
129222150
129217155
129220163
129224498
129229231
129221585
129219871
129233745
129227368
129217574
129229932
129218209
129231147
129230028
129223740
129216248
129227482
129222342
129219292
129221185
129221561
129222040
129220249
129220506
129231091
129225667
129226521
129226076
129216252
129232963
129220200
129225680
129227225
129216437
129235308
129226939
129218449
129230499
129222296
129227247
129227202
129224140
129219679
129221589
129229326
129218509
129227318
129222872
129225594
129226528
129220411
129226532
129225840
129220429
129222848
129226931
129224488
129231031
129219459
129233863
129222656
129221866
129227784
129232514
129226569
129233690
129235277
129224713
129234641
129221928
129216969
129218462
129230712
129229980
129231574
129230105
129220081
129225740
129222594
129231876
129224586
129221569
129221215
129230047
129229787
129225703
129230732
129220278
129223000
129223042
129226787
129226958
129227815
129225238
129221639
129229539
129222107
129220473
129232788
129222120
129233250
129217626
129234660
129222793
129223960
129227639
129228308
129224590
129219762
129219933
129219998
129221147
129221440
129221131
129223269
129221347
129229674
129216100
129224201
129219275
129228709
129221233
129229827
129219898
129220936
129225744
129224101
129228149
129226581
129231048
129228201
129223801
129224266
129226243
129229802
129217086
129224612
129228232
129229971
129223735
129234223
129224665
129222794
129225115
129224046
129231145
129235091
129224585
129219610
129222831
129230402
129225079
129221901
129220218
129235124
129230157
129234617
129229274
129216990
129217273
129232248
129224031
129219779
129221488
129220375
129233788
129224412
129223802
129220359
129223333
129225769
129229353
129231265
129228203
129220774
129222730
129227410
129219945
129229610
129223212
129218346
129227716
129217054
129224628
129227887
129222783
129226519
129230070
129230288
129217417
129235118
129233234
129225775
129224109
129216180
129227480
129221500
129219465
129225943
129224467
129229740
129232441
129234515
129225714
129218272
129226057
129218268
129223791
129221478
129223867
129226193
129229332
129231572
129223068
129229527
129225806
129224838
129225528
129220105
129217318
129234106
129235172
129222940
129229337
129228157
129231484
129224806
129227326
129229272
129234419
129231538
129229293
129223436
129222357
129217242
129233750
129230717
129234251
129231150
129220847
129225817
129223275
129221858
129229800
129222670
129217700
129223770
129218127
129223796
129223900
129233759
129222873
129229926
129221120
129226298
129222850
129219891
129234628
129227377
129217665
129217394
129227352
129224464
129217767
129229281
129220996
129225524
129228663
129227987
129222777
129232070
129231408
129233468
129235149
129220971
129217388
129224661
129227725
129233883
129221390
129220648
129216899
129229327
129231802
129217066
129231599
129234429
129225761
129235176
129226932
129225638
129221058
129225292
129234263
129221219
129231835
129216741
129220524
129234250
129222117
129217771
129231803
129221453
129228711
129218629
129224429
129218606
129220051
129222195
129231419
129222156
129219709
129228114
129225525
129225919
129231357
129224512
129221184
129219747
129217209
129235299
129231269
129218756
129217746
129223904
129220972
129225511
129218456
129231582
129216124
129221652
129229163
129226422
129229702
129232604
129224091
129231585
129217236
129230184
129216807
129222787
129224523
129220158
129224637
129217294
129220647
129229298
129225736
129220707
129224618
129216006
129217762
129224486
129234524
129218154
129217297
129229695
129234561
129226499
129222151
129217010
129219997
129227775
129217662
129222974
129225668
129224579
129220440
129232677
129221114
129218198
129234197
129224705
129217468
129220527
129234301
129230660
129217529
129224736
129231589
129230703
129232345
129231944
129226034
129230687
129226588
129225661
129225420
129228648
129222360
129229891
129229568
129216503
129232401
129226332
129220372
129229752
129234423
129226674
129221597
129222205
129227731
129218986
129222212
129216083
129225693
129220231
129235321
129224514
129219215
129233273
129235186
129218598
129226452
129218691
129229630
129235193
129226374
129222524
129217330
129217602
129222086
129233919
129231076
129228399
129218276
129231129
129218394
129216908
129226827
129222267
129230233
129227370
129224634
129224543
129219772
129221994
129227614
129223994
129224936
129224528
129231441
129227405
129232688
129221640
129229212
129227843
129216918
129222382
129222065
129222068
129223896
129216835
129225754
129222322
129217786
129218148
129231568
129221960
129227378
129230473
129219756
129228051
129225918
129221955
129223779
129230559
129223071
129232398
129229294
129234468
129218398
129225607
129227781
129228518
129230622
129215998
129217600
129226575
129227263
129224542
129224223
129222785
129217400
129226019
129226943
129227734
129229949
129216929
129233963
129226500
129228213
129222223
129216007
129226965
129220547
129224974
129223850
129222856
129222706
129225655
129234511
129227560
129231409
129229387
129229283
129231552
129219730
129220160
129225302
129230753
129222294
129235223
129220293
129222649
129218670
129224017
129224454
129234489
129228140
129232476
129226909
129217506
129229222
129217117
129223865
129220270
129227436
129220367
129225678
129216985
129228644
129217555
129224581
129217770
129227602
129225546
129233933
129229507
129233718
129220514
129217020
129231812
129229848
129219897
129221435
129217456
129218773
129221206
129217211
129219316
129217271
129223813
129218511
129224666
129221914
129225910
129223962
129220308
129232621
129224042
129222128
129221605
129224774
129219185
129229399
129225158
129220501
129222641
129229917
129217050
129229292
129231211
129219174
129221419
129228035
129216206
129229923
129216081
129229735
129218578
129221629
129230978
129234552
129227668
129219722
129225573
129217731
129218982
129229557
129231586
129222084
129230114
129229758
129221318
129235319
129225184
129228305
129223913
129234398
129231173
129222041
129226439
129229657
129218564
129232107
129220099
129228260
129222617
129225750
129222535
129223983
129216064
129218049
129224496
129234413
129219676
129217170
129220379
129219737
129224572
129226375
129224310
129224330
129221954
129228337
129227300
129233988
129228094
129229489
129220992
129233277
129222802
129227796
129232498
129233570
129222843
129220225
129219530
129231234
129219777
129223999
129222807
129234274
129231085
129222534
129235038
129221925
129216913
129227947
129229560
129223764
129231285
129217289
129232744
129222213
129222129
129228076
129222292
129217689
129221418
129228705
129217344
129219959
129223891
129231362
129231653
129226047
129227697
129226424
129234554
129234436
129229595
129231132
129231878
129227400
129231562
129226566
129216205
129227519
129217391
129226048
129216941
129228710
129225592
129229451
129216240
129229874
129222169
129217648
129226579
129226041
129221396
129220135
129220585
129224124
129222722
129228728
129232587
129226269
129217443
129221600
129224380
129219878
129227851
129227584
129222577
129226444
129222363
129224549
129221602
129224841
129227729
129217360
129224582
129234669
129216873
129222398
129231611
129221345
129229914
129224719
129221876
129218664
129233150
129220484
129225811
129217133
129221427
129218440
129220497
129229216
129234672
129224114
129217337
129225868
129227277
129222665
129227587
129231885
129221895
129227478
129228104
129235232
129227531
129222589
129233117
129216973
129225662
129233764
129218347
129223858
129227677
129224147
129215997
129234400
129227063
129227333
129222542
129224686
129221945
129230140
129221871
129220205
129222325
129233376
129225282
129229455
129219754
129216945
129217148
129221069
129232375
129219739
129221864
129219901
129225549
129221405
129223355
129218588
129225962
129222973
129224969
129230736
129217204
129224657
129219993
129233774
129218687
129233694
129217334
129230419
129217205
129235276
129226079
129233313
129220712
129233022
129220323
129234530
129229291
129221409
129230423
129225285
129222555
129228298
129226356
129219453
129216600
129227454
129222198
129229499
129222021
129219893
129224597
129230457
129219964
129230504
129219266
129222582
129222721
129217295
129219302
129230743
129233934
129233967
129229344
129228635
129227353
129226491
129227653
129232505
129222175
129232728
129222953
129223135
129217414
129233045
129220557
129226046
129230806
129216195
129230683
129223991
129229570
129218335
129227479
129226977
129217718
129217408
129230707
129220917
129217042
129227018
129224394
129227329
129225709
129234625
129230710
129218983
129233101
129217542
129230704
129224341
129234606
129223926
129224568
129216283
129220303
129232075
129233026
129225554
129219702
129227663
129222087
129221863
129226087
129220404
129227593
129217174
129217638
129225510
129218468
129221886
129223526
129221596
129225780
129232820
129233900
129227675
129217411
129226209
129226293
129220151
129219278
129221354
129234474
129218459
129220550
129230467
129222178
129223841
129224073
129222813
129224707
129227842
129224914
129229952
129232638
129221248
129221293
129217704
129216246
129226594
129230974
129224839
129223090
129222006
129221952
129228363
129227732
129222520
129232142
129228172
129230571
129234136
129229615
129234167
129234432
129216368
129225679
129217439
129226038
129224629
129219680
129217310
129220407
129224857
129230207
129222380
129227739
129216150
129220392
129228427
129216891
129233568
129229532
129222695
129234134
129229521
129216991
129224515
129217742
129224948
129221513
129224465
129222157
129222677
129220194
129228217
129217035
129218257
129222387
129228382
129229965
129229893
129221162
129220582
129231421
129221004
129229910
129232093
129218438
129234512
129230595
129223397
129230733
129224044
129221613
129225784
129231674
129217673
129221860
129232407
129218017
129228600
129219716
129216114
129225628
129220110
129229261
129221268
129216047
129234549
129228385
129221294
129219385
129233362
129218223
129229516
129231652
129232667
129229556
129225879
129219691
129231797
129235323
129225073
129233356
129227776
129221884
129226599
129217049
129232483
129231480
129225846
129227751
129218103
129226470
129231410
129234501
129218414
129217374
129224452
129228189
129216292
129216732
129222203
129216855
129229552
129227253
129225317
129220551
129221465
129216174
129231869
129234122
129229781
129234018
129219786
129227742
129216860
129221622
129220502
129232823
129227745
129225122
129234051
129223910
129220371
129220289
129227514
129216084
129220178
129225569
129219965
129224730
129227498
129222266
129222135
129225881
129228101
129227623
129218059
129225222
129219343
129235218
129221963
129223199
129222394
129224420
129217732
129221316
129223317
129216090
129219842
129226096
129227407
129230592
129224269
129230678
129235126
129218539
129222845
129227339
129224077
129234259
129226593
129220152
129216569
129223972
129218259
129224036
129216099
129234303
129217284
129228612
129233334
129227459
129228333
129230752
129226784
129216591
129222619
129224385
129232658
129230591
129222825
129228109
129221854
129217075
129216235
129230920
129233665
129217486
129224559
129226945
129229880
129226148
129235310
129233786
129222127
129231607
129232593
129223846
129217499
129230728
129235291
129225656
129230722
129222640
129234185
129223448
129219972
129220007
129228077
129224084
129227749
129223800
129224836
129217305
129218439
129235329
129216306
129217036
129221165
129218445
129222101
129225952
129222827
129217635
129227049
129219322
129233873
129224002
129220403
129220227
129226916
129231561
129229300
129227632
129227763
129233478
129231386
129224113
129231144
129225572
129233241
129229709
129219843
129231553
129225315
129228205
129232477
129221517
129224278
129227373
129222007
129230441
129224108
129232779
129219821
129223356
129229204
129221250
129232597
129225659
129228553
129216926
129222110
129231872
129224803
129227186
129222334
129234410
129225023
129226431
129216928
129225798
129225518
129224796
129229789
129222042
129223787
129220915
129233512
129228729
129231310
129229573
129233199
129216060
129224118
129216200
129216852
129220301
129217173
129222286
129224552
129222133
129221164
129219327
129229506
129229554
129226468
129232446
129221189
129225093
129225843
129224019
129227929
129223980
129232837
129218618
129218137
129229647
129220126
129216266
129221653
129222857
129229267
129221590
129219764
129216029
129228327
129228316
129231217
129216706
129224349
129225691
129227566
129231406
129223117
129230433
129228073
129216319
129223404
129217031
129218107
129217728
129224337
129226925
129219723
129230000
129217234
129220489
129233656
129221533
129220378
129227000
129225522
129230562
129217807
129223396
129227236
129225576
129223866
129224001
129217198
129226008
129221300
129217140
129222800
129223226
129221915
129227292
129231219
129234026
129229467
129223855
129231750
129219758
129225885
129218953
129221359
129218620
129218522
129221128
129218471
129222789
129229577
129216189
129224193
129228268
129217175
129230696
129220868
129234535
129216909
129226091
129219419
129224279
129234299
129223309
129229665
129234675
129218554
129217705
129219344
129219646
129233317
129227356
129224037
129227846
129218089
129223178
129222314
129225239
129217106
129224639
129219860
129216961
129227599
129229589
129217436
129227265
129226629
129231332
129219195
129219736
129218504
129218079
129221272
129228212
129232359
129217703
129225712
129224522
129221595
129219875
129216203
129227733
129217146
129220536
129217433
129234604
129220483
129228579
129222304
129224240
129233105
129219705
129224663
129218684
129232825
129229638
129217159
129220031
129226742
129216975
129219910
129226607
129222638
129221958
129232801
129224196
129218530
129226442
129217023
129228727
129229251
129216905
129217368
129217556
129229697
129225733
129219653
129232431
129226956
129234131
129224427
129226728
129218548
129234601
129224444
129234015
129217301
129217296
129218169
129222030
129225828
129222092
129218964
129218411
129216020
129226539
129227586
129233741
129229936
129218184
129234520
129218672
129228262
129222034
129225902
129227736
129216786
129224684
129229857
129235207
129228313
129220216
129226418
129217694
129220281
129234609
129225884
129224540
129217319
129218409
129225252
129220292
129234154
129220250
129221425
129226409
129227798
129235208
129231271
129223842
129229851
129228696
129231679
129229498
129216027
129223039
129228598
129218463
129223883
129225896
129234183
129230160
129229777
129227682
129222189
129222184
129215999
129225623
129227635
129225848
129233103
129218016
129225121
129217531
129225097
129219974
129219879
129227596
129219678
129230624
129229312
129219138
129225246
129220337
129217655
129228038
129218531
129220685
129222008
129234442
129222554
129216597
129221951
129224255
129225170
129223742
129221273
129235234
129217666
129220017
129222153
129225965
129218800
129226459
129219787
129231666
129228303
129220456
129235297
129223543
129223086
129219960
129231443
129225324
129227819
129230600
129225617
129222386
129224564
129234479
129218653
129234145
129230610
129224577
129221213
129222023
129220097
129218060
129223907
129235231
129227313
129231063
129231384
129229680
129217333
129217553
129218995
129229401
129235327
129217664
129234196
129220390
129223306
129217250
129217716
129231340
129222076
129229687
129227695
129228237
129223422
129226563
129225512
129219624
129231513
129225838
129224979
129227044
129218482
129231414
129232797
129231223
129221481
129225566
129223284
129229427
129219717
129227362
129229959
129234627
129221245
129221592
129229235
129216281
129232633
129231453
129229805
129227750
129218993
129218977
129229471
129219395
129229207
129229410
129219713
129223920
129234572
129224844
129233394
129217616
