107440020
107453844
107450037
107453875
107440556
107439018
107455881
107455038
107456068
107449618
107445484
107454760
110283002
107452917
107452651
107445327
107452716
107448419
107444363
107451674
107444258
107437050
107440149
107442231
107441970
107444806
107437365
107448802
107451043
107448794
107454132
107440728
107446730
107451209
107445755
107451336
107453302
107442310
107441432
107449658
107442095
107441727
107446160
107438072
139425699
107441250
107444589
107442476
107439727
107441634
107455477
107448738
107442447
122268310
107453608
107445540
107436166
107457063
107438883
107445148
107453751
107450892
107447631
107442615
107442498
107448222
107453886
107451793
107447379
107437738
107453669
107452450
107449725
107447757
107454099
107449499
107437735
107456351
107455480
107453600
107440072
107446755
107438324
107436961
107436177
107452621
107439320
107454933
107439667
107451807
107440672
107456224
107455549
107450948
107437535
107451113
107443085
107442769
107442821
107441855
107455995
107449789
107444168
107442449
107436492
107454166
107447906
107438837
107446668
107439486
107453633
107448189
107446265
107448625
107452585
107445793
107441880
107446926
107443336
107450521
107439593
107449168
107440714
107441997
107439945
107439313
107436461
107440287
107453350
107447328
107442563
107437914
107440477
107447456
107450425
107440602
107456517
107456709
107451718
107457467
107457105
107454037
107444895
107440016
107447937
107455743
107450399
107450237
107446188
107444531
107455707
107444131
107450901
107456506
107447925
107446670
107445498
107448911
107437367
107447905
107451475
107448683
107445402
107453993
107449698
107445635
107438959
122269110
107437510
107452399
107447594
107449400
107441433
107440727
107443778
107437881
107455017
107438659
107443687
107451299
107444864
107436644
107436150
107448055
107446258
107456859
107439656
107448327
107438703
107439124
107450738
107454313
107444687
107452251
107447340
107443709
107454469
107445852
107448044
107457255
107438122
107453149
107447993
107454181
107448398
107456215
107446577
107441986
107453373
