107453844
107456278
107450935
107453364
107452714
107445266
107449022
107449921
107437451
107452851
107448190
107436748
107438326
107456648
107438609
107454632
107444045
107453321
107450063
107436715
107452910
107454549
107439493
107456025
107437882
107456502
107454010
107441258
107449728
107448222
107444401
139426477
107438975
107454366
107454426
107438056
107449527
107453136
107438162
107447655
107449499
107440486
107453342
107445376
107437145
107455427
107446007
107450816
107451802
107456567
107446092
107437331
107443107
107452830
107455554
107453384
107449819
107443891
107453359
107457086
139425835
107437080
107445073
107454663
107454609
107452289
107453845
107446245
107453867
107456443
107457006
107445627
107446113
122270931
107448565
107446368
107449145
107444531
107441512
107446942
107455297
107457568
107453993
107449556
107453009
107452897
107443758
107438243
107456242
107457101
107439424
107453253
107449896
107437969
107445637
107448654
107441982
107450383
107439396
107439270
107436820
107440915
107442023
107452837
107446495
107455671
107456304
107447035
107451885
107452008
107447654
107455905
107442481
107439126
107440382
107456199
107449194
107456656
107455119
107446295
107452003
107449585
107443928
107444855
107447123
107437727
107453837
107450839
107440650
107447346
107443339
107441278
107443846
107451987
107450205
107447560
107438554
107441163
107449725
107451671
107446101
107451579
107453600
107442064
107437091
107447835
107456224
107453436
107446987
107454956
107454244
107438827
107441160
107447766
107443820
107451194
139425873
107446124
107445530
107453627
107446186
107447873
107454125
107453593
107439852
107439050
107441283
107451565
107450011
107454561
122271370
107444743
107438378
107449731
107451201
107444491
107448911
107457208
107438519
107453665
122269915
107447691
107441014
107446217
107449424
107438585
107448308
107443955
107454957
107454197
107436692
107445477
107442441
107441620
107450378
107440346
107445931
107456634
107455693
122270010
107449695
107443180
107442182
107438171
107446673
107452943
107452295
107443399
107438026
107439163
107448967
107440952
107437981
107449089
107436707
107439148
122270204
107450530
107444774
107455696
107448681
107455447
107453751
107439374
107453160
107445606
107455669
107436417
107452785
107441736
107436961
107443793
107451900
107449357
107442754
107444593
107446396
107437610
107449168
107446718
107454180
107447073
107449139
107456388
107454018
107440081
107451352
107444137
107454761
107454085
107436971
107446780
107448798
107454961
107438303
107436158
107441968
107452277
107454854
107438284
107456184
107455528
107446820
107455017
107448205
107439656
107450977
107453144
107440562
107441687
107441409
107446274
107450518
107450037
107448576
107442251
107448583
107455454
107449561
107449950
139426241
107448857
107453564
107442886
122271178
107444885
107444683
107455150
107438574
107457268
107438414
107449847
107445195
107441852
107443232
107441414
107442399
107451028
107453846
107452432
107445725
107455169
107436948
107438534
107442496
107436770
107445773
107449497
107442308
107444173
107455795
107447963
107453572
107445308
107450908
107440884
107438992
107457363
107452780
107456094
107454923
107437887
107456636
107437062
107447876
107443362
107436492
107436898
107454903
107452791
107451154
107448487
107442866
107441995
107445056
107442362
107443910
107436187
107442270
107438844
107439880
107455061
107444748
107436708
139426398
107450357
107439804
107438886
107438520
107456623
107455184
107455305
107449817
107457474
107441713
107452754
107452455
107440224
107446139
107437266
107436695
107446220
107457136
107449606
107445228
107453042
122269386
107440725
107446001
107437700
107447826
107442246
107444224
107452768
107443403
107440910
107436518
107436320
107453770
107455319
107453425
107450689
139425202
107443719
107442050
107454420
139424962
107449398
107443604
107448230
107438341
107452342
110282665
107455929
107450272
107438368
107447912
107437837
107442067
107455162
107441784
107436447
107455571
107454926
107446867
107437972
107439271
107450389
107440232
107436091
107442573
107439240
107456462
107437354
107452321
107452975
107445933
107455556
107441076
107443818
107436231
107437036
107437889
107447991
107448644
110282258
107444462
107442779
107450737
107449752
107440956
107449703
107436315
107446406
107440920
107451252
107452839
107455596
107455743
107443980
107454335
107451091
107437810
107447948
107447444
107436273
107457141
107447627
107450860
107440924
107454839
107438277
107440615
107452016
107440703
107441814
139426092
107449716
107454525
107445478
107455034
107454021
107450669
107442890
107453465
107457311
107438164
107454365
107446756
107456154
107437987
107453277
122273380
107436083
107455475
107437853
107448058
107451005
107448858
107437864
107437533
107455096
107443098
107456705
107451752
107449680
107454330
107443134
107449838
107452613
107440425
107454186
107450468
107455060
122271392
107445163
107440894
107437942
107442203
107443296
107440509
107455703
107450240
107452927
107452817
107455549
107452637
107444454
107445612
107456637
107437492
107452079
107455110
107437127
107443739
107448201
107452053
107438279
107449682
107457414
107451382
107438673
107448252
107439482
107436765
107440457
107451320
107446381
107455332
107452737
107439267
107456079
107448832
107454343
107455973
107439925
107445008
107449665
107449224
107444346
107456993
107438443
107443857
107440727
107453673
107456997
139427026
107439982
107456543
107452947
107450334
107454313
107451053
107455253
107446979
107453149
107438838
107448060
107451480
107449839
107457167
107448368
107455467
107443375
107444952
107448165
107446034
139425824
107436588
110282285
107450852
107437400
107449191
107456574
107449995
107443933
107451203
107450794
107449757
107444868
107442012
107448725
107445540
107446485
107454524
107437256
107448332
107436304
107441166
107454793
107447390
107457310
107449996
107456494
107442094
107456035
122272156
107445859
122272782
107446014
107452110
107448400
107440296
139425789
107449721
107457188
107439009
107449963
107447570
107441413
107440205
107444576
107452570
107452301
107452582
107456757
107439823
107438912
107453505
107441938
107451912
139425791
107449306
107444246
107441481
107453365
107450073
107447665
107451176
107440182
107442391
107454757
107443964
107445092
107456505
107455385
107451400
107452341
107452256
107456875
107457007
107444864
107454200
107444497
107452602
107438290
107449233
107449907
107446569
107448728
107450894
107452307
107448398
107445896
107437615
107436979
107447032
107437029
107448527
107452308
107436904
107445484
110283002
107456658
107454500
107437050
107438675
107447958
107443541
107439920
107444724
107438291
107440652
107437456
107455066
107443907
107450293
107450824
107457338
107445841
107440103
107449605
107452642
122269970
107442379
107456218
107451236
107453765
107448877
107443656
107456824
107449668
107448219
107447964
107449132
107436681
107442743
107445048
107442405
107455925
107442269
107447617
107451058
107456899
107456844
107449283
107456455
107440024
107455726
107446072
107457445
107438934
107441858
107449640
107450128
122270688
107457346
107444927
107452179
107455834
107448403
107437043
107442563
107451148
107457244
107450793
107457045
107444080
107443619
107457146
107443337
107438797
107446927
110283279
107445402
107456168
107441350
107452634
107442665
107436590
107439233
107448396
122268804
107443617
107447993
107450815
107437859
107456641
107455456
107447411
107451130
107448407
107452303
107445055
107437231
107452824
107443582
107446663
107436503
107439564
107442323
107446298
122273330
107437153
107456509
107448933
107442107
107448096
107451919
107445824
107438550
107448386
107437327
107448553
107443459
107440707
107451898
107455668
107438883
107456527
107439596
107448549
107446164
107454059
107451645
107436274
107437033
107455433
107454183
107455821
107454550
107451770
107455606
107449789
107436200
107454166
107456261
107445958
107439499
107445906
107446560
107453895
107455063
107453225
107452757
107450119
107445956
107453161
107450186
107447836
107441689
107448946
107440642
107438260
107447572
107454722
107450557
107448842
107457015
107451690
107447800
107443159
107447861
107447269
107447933
122271711
107437368
107447699
107455616
107455030
107439221
122268812
107449292
107440056
107440333
107438328
107444940
107456922
107457581
107452818
107447256
107453730
107450915
107440180
107446574
107436661
107446992
107453171
107451072
107437818
107447846
107438301
107453510
107457171
107448147
107447822
107449737
107443848
107451793
107436798
107447379
107436738
107448902
107447338
107453920
107442011
107439525
107445614
107437816
107447255
107437221
107442279
122268224
107454058
107437397
107445993
107439486
107455934
107451042
107451979
107446923
107441628
107457160
107440714
107441476
107451977
107447392
107455872
107442078
107451791
107454726
107455485
107455176
107438502
139426652
107439984
107453752
107438427
107454369
107446187
107447298
107447881
107439124
107454546
107442210
107455785
107437468
107438333
107450584
107441986
107438826
107436574
107453180
107452650
107451674
107436584
107444942
107440440
107450833
107445688
107437117
107437570
107455244
107456994
107445596
122272207
107452790
107443629
107440083
107442060
107450408
107438219
107448710
107436637
107455864
107437224
107447242
107450651
107448394
107453923
107443184
107443490
107452838
107443271
107452765
107440610
107445943
107439305
107457493
107446751
107446783
107441002
107445990
107454941
107448050
107455135
107457296
107454014
107453375
107445005
107452114
107436970
107455827
107438008
107455965
107444836
107448379
107451759
107447906
107449604
107446044
107436239
107436691
107443943
107436275
107449998
107440733
107453671
107442671
107438342
107453315
107447961
107447412
107452017
107442200
107442000
107450823
107436500
107449608
107451059
107444465
107456708
107445732
107445728
107449147
107449943
107437065
107436084
122271044
107453525
107438429
107456769
107453295
107441634
107451686
107441639
107455214
107454557
107446785
107440583
107438740
107447426
107443345
107440394
107440435
107455976
107440149
107451737
107436866
107447636
107445633
107454562
107436299
107451197
107446757
107442587
107436108
107441727
107454647
107438746
107454846
107443391
107448948
107456646
107452958
107449530
107457424
107454661
107449387
107446095
107448555
107439040
107446690
107439242
107456449
107444705
107451712
107448604
107438298
107452539
107444670
107448574
107440074
107453652
107456818
107441637
107443131
107454842
122272717
107453306
107438876
107443948
107445252
107440973
107456032
107438337
107440374
107443304
107442689
107457037
107449992
107448002
107449544
107445155
107440912
107444556
107437204
107454233
107447982
107442175
107442395
107450252
107442627
107454174
107445949
107453499
107442827
107438005
107449353
107451691
107448764
107445143
107440866
122270807
107454097
107442172
107437737
107444498
107443771
107452251
107449023
107446178
107438545
107450639
107449519
107437562
107437860
107448785
107438560
107454948
107438527
107446654
107452604
107452175
107447694
107456830
107440330
107448981
107436401
107438633
107445770
107443556
107455641
107450841
107455118
107453462
107452450
107438138
107457093
122270063
107456327
107446755
107455457
107442984
107439320
107438735
107453928
107451138
107443984
107441183
107437106
107438449
107451240
107436281
107446265
107450685
107444896
107443642
107450201
107446648
107445077
107447990
139426966
107448428
122270504
107450043
107438719
107452478
107437171
107441527
107453506
107455247
107447550
107439636
107456197
107437907
107441688
107436192
107453336
107442634
107446607
107437389
107446510
107453797
107448531
107436836
107456132
107457328
107456460
107436138
107445852
107453443
107453437
107436921
107452431
107443699
107441578
107439672
107450283
107442002
107451566
107437066
107444879
107455823
107439881
107440639
107456891
107453508
107451342
107449989
107457352
107449514
107443685
107451482
107442476
107441477
107447481
107449741
107456358
107451439
107440066
107455405
107452507
107443226
107446359
107439278
107437144
107456594
107437753
107455372
107452238
107440150
107438022
107443720
107449013
107439469
107446672
107436100
107451508
107443634
107436256
107440356
107442191
107441041
107442409
107451555
107450204
107439991
107455260
107451551
107437628
107442474
107454013
107439866
107451718
107449987
139426980
107447937
107448087
107454742
107444341
107438289
107443099
107453438
107437746
107447905
107443482
107457409
107444781
107446026
107452888
107438959
107446182
107448564
107445946
107451045
107449693
107447340
107453988
107454879
107449929
107452587
107453010
107450234
107437038
107439730
107441560
107439748
107455167
107453857
107445104
107436245
107450188
107442685
139424969
107456012
107440779
107443248
107449702
107455582
107439468
107440421
107451599
107439853
107446237
107443027
107447507
107456760
107444456
107438753
107448481
107437339
107437251
107448455
107447890
107442988
107447834
107440771
107454534
107450730
107453824
107444569
107457031
107455090
107441153
107452044
107454357
107446926
107445659
107453294
107440231
107453670
107440966
107454614
107443579
107439899
107449536
107448668
107448431
107446490
107452496
107442727
107444895
107457239
107444057
107455534
107450658
107453226
107450474
107439831
107439657
107445334
107449667
107449400
107453775
107452589
107439819
107453481
107439356
107452603
107451349
107443004
107445109
107449813
107447374
139425932
107455931
107444651
107455531
107438725
107448633
107437426
107452497
107444286
107451275
107456311
107441156
107445059
107454194
107441432
107444625
107448960
107453414
107440902
107454877
107441427
107455546
107444435
107454765
122268245
107447329
107451534
107437282
107446605
107454257
122270830
107453320
107436697
107455627
107447870
139427238
107450242
107452517
107446995
107451797
107455746
107447343
107454291
107440928
107441846
107437439
107437707
107439655
107437479
107455918
107455144
107439915
107449486
107451832
107456320
107455759
107440287
107456867
139425145
107456167
107447456
107456088
107445778
107442437
107444627
107437493
107453185
107449537
107451613
107451810
107454356
107449799
107446065
107440531
107454162
107449676
107439276
107449900
107447596
107442828
107454073
107445829
107457290
107440033
107452984
107453689
107456596
107444125
107450980
107448419
107441470
107455346
107452272
107449076
107437593
107444347
107437525
107452617
107449220
107455231
107438677
107438447
107437024
107445405
107438765
107436815
107442670
107436722
107457071
107437101
107452630
107442660
107452600
107442780
107454730
107440616
107449586
107445421
107454682
107439993
107448880
107441635
107449253
107449399
122270056
107452544
107449723
107444514
107451569
107455837
107443175
107457574
107449745
107454900
107440839
107457189
107436481
107453729
107446355
107447578
107439288
107448617
107438448
107452746
107452344
107436699
107448792
107457420
107450484
107449079
107438671
107455115
107439782
107440163
107441860
107456709
107445972
107448730
107453030
107440016
107443583
107455569
107453990
107456350
107452018
107436464
107450535
107454288
107446774
107450161
107436412
107450828
107457231
107436408
107443532
139426599
107456426
107436782
107457069
107450310
107456424
107437253
107447606
107436364
107455121
107437884
107456800
107454739
107452526
107446354
107439698
107439296
107451792
107447399
107442993
107447261
107452648
107442208
107451513
107441610
107445211
107439574
107451531
107452588
107445938
107451908
107438453
107452219
107449922
107450058
107436928
107454919
107448727
107454516
107445964
107440444
107442880
107447098
107450208
107455555
107452809
107450247
107447709
107452084
107438199
107441720
107447714
107456451
107445793
107442123
107445751
107455557
107449511
107441492
107445558
107446208
107446593
107442572
107453286
107444946
107441287
107450996
107436375
107450323
107439297
107436493
107436521
107441981
107447075
107439029
110282746
107453692
107438559
107446889
107449953
107457381
107442903
107440831
107454299
107437510
107446727
107438694
107436269
107441642
107457210
107456859
107437078
107439516
107440161
107453484
107444059
107450516
107438122
107452612
107452609
107437269
107452847
107441905
107452001
107456992
107436909
107441393
107453018
107439103
107456410
107442672
107438741
107437240
107455095
139425547
107436292
107444128
107451209
107437982
107443686
107454718
107457060
107442007
107455733
107442757
107450191
107440935
107439633
107441955
107445391
107448809
107441798
107452525
107437031
107450876
107444979
107457336
107455649
107455101
107443085
139424788
107440307
107443736
107454939
107436184
107451910
122269433
107454152
107440784
107440916
107454584
107451497
107442635
107441332
107443063
107453350
107444000
107449160
122268301
107436487
107439392
107444720
107445122
107439483
107456326
139425942
107449671
107442904
107444058
107440774
107447162
107440949
107451407
107443472
107437234
107445146
107439649
107439556
107451269
107449830
107445948
107440302
107456793
107455416
107447673
107448897
107438831
107438418
107446383
107436551
107438874
107442784
107457469
122268225
107454309
107450243
107454766
107439064
107457139
107441024
107437476
107437930
107451692
107442351
107439334
122268854
107443700
107453897
107448378
107450909
107450006
107453331
107443935
107446661
107439936
107456263
107453057
107454234
107445584
107455080
107437741
107455316
107444233
107441203
107456138
107437569
107450285
107452628
107447807
107449653
107446746
107442943
107455819
107444070
107444805
107438070
107454655
107447355
107449355
107456732
107444033
107445276
107453731
107449580
107452778
107442820
107438137
107444493
107446833
107445721
107450425
107436912
107454104
107444442
107449256
107436902
107444844
107438967
107437257
107436237
110282440
107436221
107453058
107443024
107438307
107449945
107438339
107440235
107442003
107456672
107452141
107447708
107456916
107455646
107454527
107448528
107436973
107456179
107440415
107441043
107450821
107454567
107452807
107448270
107456185
107437211
107445904
107449763
107452541
107444948
107449396
107452982
107439355
107450477
107448563
107454833
107443067
107444999
107439212
107450884
107451717
122268257
107439451
122268719
107448262
107437627
107449658
107444846
107454347
107437278
139425167
107441384
107452875
107455470
107447408
107447852
107442403
107438136
107450671
107453266
107455997
107457063
107449669
122269444
107443954
122270864
107452621
107438169
107436781
107448333
107455638
107439017
107452761
107450013
107436394
107456871
107451075
107451421
107456131
107453848
107452422
107444074
107438374
107436420
107446600
107455112
107456517
107448512
107452931
107456887
107452936
107453228
122271722
107455809
107452863
107450194
107442402
107437843
107455064
107436597
107439069
107448198
107447146
107436222
107447225
107442961
122268382
107454813
107454835
107441650
107454264
107441022
107447678
107448834
107449066
107454280
107449704
107441543
107441922
107454048
107441084
107445454
107442501
107447959
107455632
107436282
107444044
107442104
107457108
107452981
107436088
107438845
107447446
107450786
107441985
107438010
107436391
107442025
107456918
107457565
107442125
107450523
107442164
107457036
107440073
107443161
107446527
107456982
107456914
107442529
107436601
107437653
122269156
107439842
107453741
107438605
107456618
107441439
107439195
107451633
107455387
107446310
107436959
107442224
107438761
107446115
107443684
107445121
107441331
107445693
107451321
107444002
107447768
107442879
107453997
107442677
107439895
107453707
107447341
107457426
107445310
107441823
107449736
107437402
139427037
107450684
107453385
107455197
107447755
107448017
107456996
107437961
107437007
107446185
107439744
107455883
107439566
107436532
107454545
122268285
107447796
107455895
107438832
107446775
107450941
107457206
107448952
107438419
107437216
107439301
107436316
107451528
107437920
107451282
107446432
107443451
107450195
107444382
107455251
107448158
107443470
107452173
107439087
107457518
107440265
107445257
107455911
139426078
107452055
107456886
107444072
107440057
107452354
107444487
107436556
107455874
107452906
107457322
107445099
107444512
107457398
107446634
107453886
107441540
107452972
107452202
107436342
107449833
107454523
107449473
107454733
107452834
107448142
107449033
107453044
107454033
107450822
107438996
107437726
107453849
107442352
107439338
107449771
107443903
107445010
107456112
107450543
107447480
107441368
107454895
107436105
107446630
107454341
107438052
107450541
110283197
107445930
107441111
107441206
107451629
107439717
107446305
107455406
107456149
107457538
107445810
107443233
107438032
107441780
107444765
107449840
107445918
107439041
107446371
107454973
107446425
107444455
107446816
107441752
107446337
107436358
107451602
107455275
107455599
107449438
107453515
107441106
107455551
107454630
107451808
122270212
107443000
107442883
107438242
107456360
107437458
107449618
107452365
107444363
107449110
107445071
107436790
107454041
107442453
107445576
107456361
107453117
107438030
107449376
107447384
107455878
107451716
107437997
107454826
107446766
107444269
107454542
107449415
107450409
107452211
107441296
107452101
107453163
107448346
107455088
107437190
107456549
107455770
107451948
107456352
107441572
107438245
107447219
107448983
107452095
107456963
107448459
107442201
107440644
139426613
122270900
107438384
107455886
107436223
107449297
107438210
107445360
107451684
107440477
107448079
107436212
110283103
107449610
107452092
107455707
107440449
107455373
107455315
107456306
107445079
107445351
107448511
107438018
107447155
107456912
107439989
107444285
107446402
107451545
107452476
107442626
107450136
107440560
107452433
107441908
107448508
107447630
107450015
107447185
107445399
107452917
107452475
107438266
107456910
107437124
107437020
107442181
107451942
107441629
107441998
107442016
107454252
139424815
107456160
107456663
107446886
107449625
107437845
107438420
122270808
107445531
107457180
107437955
107436297
107449551
107457539
107437110
107451322
107445623
107438998
107447586
107457249
107453839
107439816
107455254
107450547
107440674
107456239
107451113
107457278
107447565
107446897
107456251
107440326
107453774
107440331
107438897
107441080
107436162
107453633
107453417
107446660
107445269
107447553
107448722
107457286
107449390
107447945
107449258
107453788
107438836
107438957
107443053
107447701
107440458
107439042
107447713
107451196
107443462
107453613
107449083
107449918
107452250
107440190
107442242
107443858
107436478
107438283
107449341
107437881
107453725
107443687
107443447
107451299
107441148
107444675
107453861
107442485
107456095
107457393
107447063
107455933
107438174
107449334
107456085
107437954
107456727
107451445
107454126
107449960
107436169
107441810
107447924
107452324
107439653
107443762
110282811
107444809
107438392
107436875
107446920
107443044
107454535
107446988
107444907
107441529
107443440
107438860
107444150
107446991
122271003
107455789
107440018
107440883
107445162
107454979
107441725
107449061
107451720
107451423
107444335
107444857
107437070
107449791
107437535
107438873
107456155
107437039
107448374
107437030
107452152
107456607
107456586
107442140
107436622
107448906
107441520
107444483
107440427
107439945
107437170
107439886
107444876
107437252
107450582
107456476
107451147
107436612
110281934
107440520
107449621
107448125
107457364
107437371
107445875
107446794
107441718
107438258
107448579
107447559
107437367
107446382
107438788
107438478
107450308
107437088
107447126
107443876
107447046
107456407
107440157
107454977
107453814
107455734
107443605
107439258
107440954
107446277
107455362
107456801
107456516
107456787
107457256
107440754
107453799
107444406
107439813
107446431
107436956
107441186
107445535
107455518
107442456
107442231
107446701
107447025
107448674
107450080
107439836
107440682
107455341
107438039
107442284
107447371
107455286
107449260
107446522
107449872
107438286
139425040
107446102
107439098
107447662
107441257
122269179
107443581
107448162
107438914
107454315
107446985
107454241
107436995
107451381
107442817
107436125
107451983
107450098
107451447
107447564
107454095
107457213
107441782
107447757
107446448
107454075
107444160
107451429
107454620
107442948
107449779
107454933
107455797
107436570
107450948
107457159
107445274
107453403
107448132
107450227
107445957
107447348
107444036
107442888
107441964
107449883
107449057
107437936
107457378
107448558
107437156
107439366
107450223
107454081
107447285
107437002
107447342
107441902
107440328
107446459
107438830
107447127
107440963
107447594
107449754
107448208
107456346
107440869
107454559
122272468
107438703
107438054
107442592
122272291
107443119
107448655
107445058
107455636
107452819
107446587
107455043
107437406
107442968
107438189
107457002
107444752
107456340
107454249
107455903
107443753
107453255
122270828
107439545
107456571
107443946
107442640
107455706
107437046
107449705
107436392
107442241
107446215
107437704
107453472
122269368
107438810
107440806
107455558
139426332
107450103
107451172
107450892
107451625
107455926
107453821
107443498
107451426
107437370
107439611
107453494
122269195
107451178
107451839
107450998
107440188
122270011
107452978
107438202
107440757
107455455
107448464
107450095
107437594
107445741
107456529
107436993
107457438
107452635
107438471
107439395
107452447
107439094
107448001
107455071
107437742
107447801
107441347
107447029
107436460
107454633
107440341
107454352
107455031
107455817
107444610
107451026
107449976
107437528
107437940
107437674
107436856
107448307
107451315
107450294
107445928
107454283
139425366
107441125
107443042
107447360
107443709
107448578
107456229
107456528
107441750
107439462
107448316
107456530
107450568
107456953
107436559
107439929
107439229
107448351
107439054
107457462
107454714
107445081
110282097
107440589
107446079
107454627
107446821
107441522
107442598
107454333
107455634
107446936
107452671
107442979
107436509
107441524
107445775
107439385
107438879
107438920
107445017
122269147
107452614
107444742
107437506
107456929
107442221
107439591
107448735
107454480
107456370
107453748
107436625
107439016
107442317
107441855
107454794
107446642
107437531
107440128
107440911
107443594
139424797
107452884
107449114
107452715
107450705
107444496
107442446
107456846
107448196
107453755
107443757
107437680
107441387
107446258
107452632
107445667
107442275
107453158
107443305
107444564
107452215
107453059
107451055
107444554
107449958
107451800
107441460
107440428
107449418
107443524
107449338
107438868
107447615
107437391
107438084
107451270
107441627
107451336
107450835
107436969
107449707
107444762
107446096
107441205
107436531
107436763
107453363
107438567
107437384
107442704
107455161
107454585
107455689
107449775
107439559
107449913
107451280
107451689
107448363
107455394
107445878
107448444
107440820
107457216
107450092
107457013
107446892
107441003
107439518
107450414
107454397
107454492
107447827
107455697
107452224
107444108
107455956
107444804
107457324
107436368
107447969
107440518
107439478
107450982
107445125
107445469
110282721
107444261
107442059
107436325
107437663
107443344
107452304
107444575
107442934
107452311
107451509
139425339
107436824
107441651
107454392
107452826
107456933
107457439
107443478
110281931
107454076
107439907
107445654
107451377
107447687
107454748
107455172
107442018
107440191
107437457
107440728
107452633
107449694
107443618
107447972
107447427
107441857
107446729
107440234
122268310
107445112
107451063
107451367
107436244
107439117
107452145
107452474
107448580
107440695
107448892
107456308
107455896
107439809
107451874
110282496
107439635
122273957
107453394
107452184
107454737
107441352
107457124
139426703
107440919
107454613
107440111
107441694
107442128
107440694
107438369
107439346
107438573
107445457
107440470
107446373
107452662
107438636
107451311
107436178
107457547
107455576
107456822
107446760
107456645
107437291
107440602
107454037
107453575
107447016
107453728
107442618
107439554
122273906
107446210
107446404
107448896
107454536
107456019
107443664
107447848
107438299
107441994
107442075
107455573
107436606
107444248
107438220
107450960
107442008
107441760
107453651
107443183
107453642
107454651
107445759
107450532
107443152
107454444
107450472
107451309
107456018
107453949
107448152
107439466
107439464
107446061
107441356
107447301
107439052
107455552
107446089
107455200
107440118
107455239
107452871
107441204
107444084
107450756
107439333
107438615
107436994
107448185
107439962
107442736
107449990
107450774
107449993
107437200
107451150
107448178
107443814
107438031
107438942
107446374
107452310
107439585
107441821
107438758
107451200
107438964
107443117
107446768
107443055
107456525
107437442
107451657
107436314
107453639
107450648
107449939
107443807
107455067
107455230
107449371
107438736
107436324
107436216
107436461
107451211
107453046
107449524
107454927
107440933
107437739
107445746
107450399
107446184
107451740
107454568
107445522
107446964
122269557
107454047
107442142
107439037
107447686
107457158
107455660
107454893
110282463
107452769
107439697
107439534
107441991
107436675
107457554
107457530
107457250
107455185
139427103
107443728
107456227
107446303
107450018
107440240
107439789
107448575
110282185
107439224
107453215
107453369
107444589
107455139
107449689
107436825
107455465
107453147
107454360
107455875
107437335
107436642
107437965
107452511
107445069
107441085
107445401
107454099
107446968
107441829
107441077
107440148
107439522
107437461
107439259
107455186
107436177
107439511
107441235
107450578
107447293
107453035
107454929
107451257
107443735
107455802
107440487
107443959
107438739
107446062
107440285
107449597
107454513
122268373
107438764
107444869
107453721
107445304
107436104
107443981
107445735
107437356
107436144
107439986
107456987
122273484
107457302
107456675
107452298
107439722
107455559
107449275
107439757
107449053
107451787
107437217
107453597
107456001
107453735
107439705
107447176
107444585
107457562
107444182
122268204
107454317
107454519
107450542
107451050
107455838
107456073
122268287
107457461
107443987
107440498
107442619
107444838
107448483
107437998
107439080
107454965
107454798
139424877
107454103
107455624
107453285
107451958
107438035
107445724
107443600
107452073
107438937
107450936
107453411
107436240
107438782
107440339
122273261
139425699
107446669
107454931
107443723
107436449
107441036
107436849
107441418
107444034
107440698
107453461
107453565
122269280
107455735
107455430
107453796
107453473
107452992
107452618
107437870
107456640
107456192
107451308
107444366
107449525
107443808
107456349
107451883
107437293
107450899
107455581
107447159
107452510
107451242
107453393
107437702
107443077
107457543
107451683
107440035
107453591
107439827
107440485
107444912
107437304
107455672
107444932
107448607
107438083
107454459
107441868
107457129
107450901
107438976
107447925
107444140
107438870
107447618
107455216
107447175
107439218
107453822
107453793
107453260
107443732
107452685
107436082
107442912
107454538
107447430
107439812
107446611
107439379
107444687
107447593
107443348
107438271
107456598
107446748
107445392
107448489
107440948
107443395
107439018
107455881
107437238
139426233
107448478
107448499
107444664
107443668
107440357
107444508
107448802
139425800
122270812
107438123
107448264
107455854
107438958
107454978
107442273
107439097
107455729
107449781
107447652
107448738
107453608
107437201
107449059
107446658
107436430
107437876
107453772
107446348
107454576
107442335
107440072
107440536
107444544
107448294
107455572
107457163
107451723
107437359
107444837
107448863
122273995
107454695
107445505
107446082
107444168
107444071
107444788
122268406
107444658
107439882
107453358
107453124
107455082
107447253
107440173
107447387
107450859
107439448
107447088
107445498
107451546
122269720
107442396
107446097
107437191
107438356
107446030
107438250
107443189
107438727
107440338
107453736
107454134
107456685
122269833
107439796
107442580
107447561
107443366
107436247
110282384
107457376
107440528
107437113
107446827
107454867
107443747
107457100
107452586
107442662
107444201
107444179
107441334
139425203
107446493
107443312
107445347
107443971
107437696
107457482
107445151
107442633
107457466
107438278
107444247
107447429
107441124
107441436
107438690
107452098
107453898
107443635
107453120
107449778
122269745
107451202
107439205
107441514
107447393
107451048
107447370
107439086
107446378
107438681
107443157
107455635
107454834
107452296
107446154
107451303
107454971
107440672
107437781
107442964
107452004
107450102
107439186
107453790
107451705
107450790
107453371
107436479
107437921
107457155
107447328
107438382
107447376
107445832
107442124
107438594
107443270
107441232
107437392
107447956
107448390
107446961
107440588
107454707
107447703
107448642
107453841
107438596
107438168
107443005
107450165
110282261
107436512
107444155
107456009
107447028
107455100
107439480
107444333
107440719
107445467
107454469
107438707
107451776
107454216
107448546
107445345
107452563
107447096
107455299
107449503
107455805
107453098
107456802
107452653
107441353
107446198
107438533
107456313
107451950
122268276
107445091
107439664
107443645
107447514
107443217
107453084
107453934
107438072
107450627
107454222
107448066
107443010
107439357
107441660
107439375
107449515
107442674
107443947
107439533
107456309
107439674
107437752
107456978
107455480
107454400
107443637
107442555
139426753
107445449
107445344
107446048
107446762
107448102
107438349
107446571
107440058
107443970
107441188
107455983
107457229
107457185
107457076
107455365
107448280
107453947
107451514
107455068
107438063
107447931
107438950
107440906
107446998
122271625
107446477
107449862
107447458
107452591
107443026
107439484
107443626
107450867
107439872
107454314
107442680
107449563
107449611
107449820
107455003
107443707
107450135
107446585
107443982
107449166
107455371
122270104
107438659
107449043
107443102
107443092
107441192
107454272
107442949
107451567
107453802
107447237
122270154
107445009
107444164
107449893
107444975
107448449
107452315
107447981
107454902
107451678
107438273
107440895
107448804
107439275
107441626
107440144
107443204
107445636
107438358
107455245
107441643
107439528
107456354
107446076
107449899
107443667
107437032
107440838
107455477
107447177
107442211
107441630
107453618
107444205
107448807
107453695
107439618
107445296
107449452
107445331
107452386
107456580
107454530
107439874
107454091
107445290
107439246
107448236
107448507
107439581
107440564
107451140
107455270
107455994
107457265
107455695
107439948
107457134
107440398
107455998
107446188
107454750
107455603
107447968
107447915
107438932
110283198
107453006
107437643
107446636
107455300
107452565
107454696
107437588
107443281
107449808
107446112
107457174
107449143
107449151
107453011
107440893
107443945
107443058
107448053
107436137
107438505
107453373
107445624
107439652
107446702
107441374
107445135
107445026
107448794
107441090
107438353
107455893
107436185
107442146
107444591
107455224
107451858
107441987
139424823
107440500
107454864
107442149
107453381
107438324
107440490
107439175
107444093
107448406
107442829
107446715
107452391
107438993
107457224
107444955
107439790
107446930
107443638
107452081
107438837
107447300
107444151
107452562
107447019
107453040
107457528
107451216
107442643
110282368
107451868
107447624
107453292
107452396
107436573
107450335
107441174
107438209
107442601
107441930
107453780
107438776
107454875
107436528
107457047
107454987
110283564
107442560
107457096
107439851
107447409
107446650
107439567
107450718
107452690
107449144
107456861
107456305
107454788
107443282
107438511
107444949
107446584
107450269
107444581
107454710
107439801
107449805
107445177
107454282
107452907
107452964
107456853
107439058
107443558
107437008
107453113
107448901
107438755
107452140
107436829
107456611
107438588
107441319
107440930
107457295
107437399
107451748
107437305
107442044
107454779
107453784
107454991
107452759
107437425
107452129
107436743
107440417
107441102
107444913
107441586
107438053
107445393
107436686
107447591
107456302
107451909
107447337
107456613
107444985
107448581
107438007
107448625
107441880
122269824
107439313
107446349
107453794
107443488
107436728
107441882
107447813
107441775
107455987
107452734
107436768
107436592
122269518
107457137
107438486
107455204
107443068
107447574
107457567
107450636
107441690
107440947
107442359
107453200
107443468
107453555
107455731
107450465
107448055
107449163
107453272
122271449
107442885
107437470
107449146
107456650
107439763
107446000
107456568
107436838
107437526
107453875
107439638
107454175
107452684
107438426
107441201
107440609
107440689
107453888
107444584
107447646
107452013
107437815
107451386
107438722
107445749
107442811
107441408
107440941
107456186
107436679
107451755
107454224
107437289
107448337
107442490
107450041
107445015
107448697
107445731
107437581
107437697
107437577
107436709
107453407
107436226
107442498
107442867
107454966
107436654
107447908
107448959
107451635
107453362
107452397
107445365
107443388
122270077
107451041
107436887
107454127
107454068
107436381
107444459
107443263
107447113
107447656
107453679
107436569
107440146
107442473
107452681
107442438
107444139
107451933
107452034
107456194
107452801
107449622
107449649
107447549
107443533
107449912
107439200
107457365
107451471
107457427
107443427
107451237
107436947
122268549
107449475
107452143
107439031
107454694
107456418
107449698
107439176
107441045
107443949
107454029
107438075
107452177
107448150
107447211
107436783
107444046
107448120
107455863
107454063
107453808
107440384
107441464
107452429
107439808
107438834
107443974
107447814
107446570
107443767
107444336
107455181
107450056
107444874
107453325
107455469
107453366
107455939
107450600
107457041
107439550
107440853
107455553
107451343
107445221
107436090
122270296
107442085
107454796
107453623
107456076
107437138
107439373
122268729
107457396
107440981
139426705
107441187
107438747
107451807
107443733
107449442
139425545
107448233
107436922
107452214
107443227
107455995
107443764
107444254
107440022
107442449
107445098
107452886
107439742
107438841
107438051
107457130
107437443
107453656
107443100
107446696
107436302
107446012
107449406
107448569
107451822
107453937
107447794
107443450
107445229
107453912
107451245
107455721
139424822
107456948
107441452
107450444
107451475
107447386
107445605
107439658
107456195
107442034
107454019
107440431
107450275
107436465
107449446
107448680
107441697
107456776
107450173
107454192
122272852
107453523
107441582
107438772
107450429
107447267
107436818
107442850
107448327
107456553
139427101
107457201
107446643
122269690
107456907
107437197
107440340
107456536
107455154
107448598
107436980
107437313
107450371
107455687
107440840
107447927
107441265
107448401
107452416
107454022
107441722
107448934
110282216
107441970
107444806
107438711
107437962
107451043
107448657
107441282
107443696
107440758
107450377
107439682
107437276
107439601
107451346
107442020
107440662
107449860
107451586
107449413
107445328
107453005
139426041
107446932
107443760
107455602
107451741
107457135
107446052
107444389
107438158
107437723
107449620
107444852
107455530
107444729
107447942
107452741
107436663
107436350
107453070
107454387
107445991
107442289
107451180
107455323
107442568
107439610
107444808
107456458
107446576
107441097
107447107
107445924
107450509
107436623
107449541
107439038
107440685
107455775
107442649
107437785
107452200
107437771
107438960
107456072
107444662
107445032
107450954
107441033
107455201
107448845
107451418
107448180
107450467
107457412
107438670
107447892
107449259
107442312
107456489
107446763
107456725
107457349
107451087
107448197
107439806
107453983
107442310
107444230
107442095
107456981
107437447
107442532
107456499
107451734
107451486
107441250
107441931
107437986
107455526
107454518
107454790
107449489
107441138
107439303
107436166
107454239
107444440
107456714
107449644
107443458
107440679
107438528
107451397
107454225
107438145
107452514
107447031
107449760
107440618
107453922
107457056
107455248
107453194
107438794
107456655
122271002
107441975
107446828
107437241
107440647
107451244
107451914
107443568
107456013
107443519
107442105
107440851
139426583
107444097
107451398
107440765
107436583
107440567
107440467
107440094
107454399
107444126
107444538
107440199
107447689
107454975
107452103
107451035
107455719
107454046
107449897
107444726
107453310
107447962
107454092
107439670
107445597
107436554
107455859
107452067
107445302
107436326
107453283
107440842
107441348
107455730
107455633
107442163
107438884
107450286
107439122
107450241
107440974
107440540
110282489
107452951
107443803
107447483
107449942
107437365
107448253
122270035
107452009
107450565
122270461
107440660
107457520
107457272
107444753
107450069
107443968
107447205
107436731
107445060
107436289
107448206
107447631
107440854
107438073
107436264
107448567
107451835
107455166
107448894
107443193
107449944
107442954
107447869
107437075
107441877
107454684
107436127
107453451
107450742
107443997
107456330
107451469
107443419
107448462
107447726
107440219
107451039
107442274
107448795
107450450
107446614
107439076
107442878
107447243
107451946
107449885
107450665
107456876
122273266
107451396
107445501
107454368
107449243
107452470
107457147
107438261
107446842
107438985
107449382
107450410
107445515
107445275
107449542
107447491
107455565
107454708
107440424
107436801
107457106
107436265
107443761
107446981
139424922
107452167
107439261
107453909
107441375
107447798
107451782
107451548
107444997
122269142
107436536
107443160
107436498
107445755
107442692
107442608
107451258
107451284
107439371
107437344
107455424
139425254
107451859
107446099
107448502
107442447
107448025
107443186
107451896
107453991
107451601
122270446
107456161
107455681
107439283
107443303
107445722
107448003
107440873
107457196
107436418
107450699
107455233
107438280
107444553
107449759
107448992
107453810
107453327
107441695
107449898
107453509
107441997
107457207
107445416
107440923
107440761
107449006
107438214
107450783
110282037
107446447
107447682
107441443
107439273
107457263
107454693
107451889
107439298
107447773
139424794
107450424
107457194
107453500
107441419
107450912
107452237
107449232
107452505
107445324
107452892
107454198
107438213
107447610
107438749
107440829
107451470
107456809
107439476
107447907
107446980
107452127
107449173
107457039
107439231
107440939
107439237
107457052
107437662
107442731
107443261
107452716
107449252
107441534
107444063
107456717
107442376
107440988
107436327
107457294
107446361
107440087
107441194
107455860
107456885
107453460
107441928
107448500
107443139
107444049
107440897
107453732
107447147
107440775
107439884
107454485
107451441
107443300
107436372
107437342
107441670
107437099
107448501
110282259
107454702
107450094
107439981
139424801
122268336
107448829
107454888
107452647
139426435
107439546
107446840
107452146
107446306
107455892
107449058
107443340
107453723
107436560
107457192
107449623
107457534
107449324
122269330
107441645
107445615
107438726
107446666
107440289
107456397
107456030
107439900
107445297
107451012
107447943
107444528
107437715
107443592
107441833
107448977
107456226
107457467
107445805
107440900
107453771
107456771
107444236
107445020
107456011
107443996
107450046
107451313
107454370
107448408
107457022
107450122
107451796
107452266
107436530
107455658
107455996
107450093
107440992
107442380
107456282
107438708
107438335
107446151
107442426
107442892
122268334
107442205
107444159
107449290
107446577
107438858
107440020
107454488
107451369
107455494
107442217
107436611
107445917
107455130
107441832
107443913
107440258
107446020
107438608
107454305
107455008
107437992
107449842
107457472
107438869
107439767
107453563
107440696
107452128
107442299
107438183
107456827
107456988
107439269
107451517
107450840
107441025
107449617
107457292
107444665
107445534
107450400
107442765
107445298
107455294
107437989
107455400
107445582
107439027
107455473
107451560
107452229
107455537
107450466
107444771
107436164
107449562
107444495
107445463
107454960
107446158
107437041
107440334
107447112
107445332
107447105
107448882
107440702
107439835
107454829
107445837
107441252
107440513
107451144
139424845
107454578
107440641
107445635
107441009
107446844
107446472
107450463
107449157
107450738
107450537
107455114
107444977
107443800
107440220
107438705
107449198
107450826
107451644
107454269
107446074
107453252
107447037
107453302
107454138
107440717
107453700
107442907
107437877
107438614
107445388
107456819
107446551
107444234
107443369
107439727
122268252
139426933
107447971
107447477
107450749
107439696
107451016
107447538
107442615
107452244
107457262
107456523
107442746
107450214
107437034
107446238
107444438
107449017
107443374
107454988
107455815
107449299
122268263
107446520
107437666
107445939
107448435
107449509
107457151
107448969
107454267
107449937
107443463
107450033
107438334
107440492
107448995
107437682
107448191
107443336
107452331
107437684
107441269
107452997
107445219
107457475
107438521
107442863
107444350
107442252
107437416
107449296
107443182
107447004
107447161
107449994
107443208
107451046
107448780
107446597
107446364
107448805
107439964
107456332
107439243
107443550
107454229
107454608
110281907
107443796
107452726
107453313
107444579
107454758
107444744
107441256
107449195
107453241
107444973
107457142
107440570
107455482
107439913
107453238
107438080
107454168
107441927
107456412
107437085
107453145
107440604
107452281
107445694
107456700
107454912
107446190
107449115
107441767
107453967
107436874
107440620
107446795
107440305
107449028
107454907
107443075
107456264
107455614
107437280
107450644
107441191
107451732
107451175
107447251
107449149
107453783
107455317
139426034
107442082
107455527
107445777
107455747
107440913
107444243
107445173
107455568
107451701
107456323
107437348
107444283
107448509
107442066
107451952
107440069
107452116
107443697
107445686
107457500
107436974
107452015
107449579
107451096
107451432
107436511
107436086
107454177
107451438
107443138
107441433
107438732
107445164
107440209
107442698
107436150
107443756
107449764
107442193
107445244
107457111
107449877
107439800
107436230
107443930
107454471
107447819
107457162
107457298
107439629
107442047
107448272
107442088
107440019
107438714
107456680
107454544
107441365
107442096
107455038
107449171
107452560
107447707
107438179
107443901
107455160
107450381
107437214
107452994
107452531
107442219
107447145
107437481
107450731
107450896
110282861
107441633
107436513
107439830
107444558
107451988
107455109
107448231
107456722
107447628
107442054
107439068
107440726
107436899
107450569
107439888
107453778
107450224
107456545
107439580
107446784
107441412
107440451
107453347
107446515
139425358
107454802
107443615
107444361
107454413
107448434
107441074
107441450
107448011
107451631
107441088
107437743
107456393
107456554
107453172
107450981
107450521
107446905
107437202
107436771
107436991
107444732
107439758
107455410
107441742
107448318
107456506
107446173
107456534
107442492
107442673
107440676
107450838
107438263
107448886
107445373
107447263
107452399
107453227
107437079
107437687
107444189
122270614
107457549
107447464
107445132
107454209
107438468
107446284
107442170
107438548
107454167
107441437
107439883
107442232
107455078
107438133
107442702
122270012
107442240
107454920
122271702
107453828
122270411
107454760
107439942
107444832
107441272
107445503
107454892
107446929
107456452
107457271
107454515
107436894
107452480
107454415
107447008
107456799
107438987
139426834
107443838
107456831
107444135
107452113
107442697
107455330
107437077
107440075
107445312
107457429
107446716
107437929
107448533
107438398
107443172
107448862
107450418
107446767
107445212
122272552
107442502
107454811
107447226
107455990
107454885
107454558
107454945
107452789
107447625
107450847
107443670
107447125
122269483
107444427
110281909
107445619
107439593
107452194
107455325
107443743
107441919
107443904
107457091
107441816
107441762
107446280
107452360
107451679
107441728
107450054
107447150
107451473
107451108
107436579
107450970
107439513
107456176
107439976
107453541
107441117
107448326
107451582
107443704
107436429
107451463
107457255
122268219
107446799
107450100
107438239
107442014
107445965
139426762
122271074
107446218
107440152
107439467
107440390
107457029
107453785
107440844
107450168
107439844
107446250
107450163
107451927
107457283
107438786
107449624
107446098
107437527
107454124
107454061
107441291
107436772
107441518
107455025
122272510
107445720
107440879
107453056
107438744
107446608
107453012
107437549
107452568
107456341
107437589
107440264
107455686
107445490
107454649
107456351
107449411
107438132
107436942
107448577
107441180
107448953
107436628
107456157
107457308
107452816
107440805
107440983
107437670
107452585
107445628
107442097
107443797
107438644
107450077
107437051
107445482
107456272
107445969
107446319
107443877
107454246
107439021
107443452
107450865
107446977
107453976
107444131
107437740
107437401
107457361
107450004
107440093
107436575
107436191
110282431
107439553
107444408
107444918
110283031
107443812
107452667
107452728
107441389
107447647
107456262
107436552
107454724
107448044
107454284
107448091
107446699
107455715
107457320
107449552
107456778
107447079
107452536
107436458
107444001
107440556
107442865
107454328
107450265
107443269
107455212
107452364
107436095
107441856
107455099
107445992
107439168
107448451
107451564
107446730
107445142
107439961
107447012
107455970
107454852
107442772
107439409
107450690
107456435
107453110
107452902
107450453
122269022
107445618
107441786
107456984
107437480
107436332
107454045
107455432
139426530
107444617
107437944
107447104
107442431
107457197
107453368
107443493
107449342
107439279
107441354
107436533
107436567
107443776
107451795
107449100
107442087
107455670
107438387
107444178
107455409
107453939
107453134
107447954
107436363
107450919
107440606
107449700
107442733
122270658
107452652
107441420
107441954
107439020
107440667
107449522
122270952
107444453
107454808
107444265
107441929
107441879
110282386
107438767
107451281
107439311
107436124
107445238
107436595
107447629
107444313
107443855
107441700
107443506
107451544
107447601
107441918
107437722
107442887
107445872
107448813
107448826
107449010
107444271
107456786
107441988
107446352
107445407
107448879
107440704
107445253
107447584
107442266
107442093
107445327
107437557
107442905
107448949
139426309
107452045
107446081
107439811
107443512
107450138
107455619
107436343
107449172
107437851
107445982
122269070
107440086
107446462
107455289
107450318
107455858
107446631
107452606
107455133
107450433
107452359
107440387
107440483
107455782
107437999
107443979
107452835
107443597
107438157
107439562
107442769
107445111
107457055
107452039
107437390
107456183
107442081
107443799
107446563
107446962
107437947
107452178
107455221
107451845
107453507
107450753
107456991
107457105
107445831
107447244
107456464
107451981
107456447
107446970
107448032
107454052
107450643
107436472
107455442
122268398
107450130
107443255
122271919
107444551
107447817
107457020
107454417
110283119
107448910
107451938
107448300
139426550
107453667
110283359
107456965
107440223
107439183
107455104
107452099
107445900
107455575
107452651
107436737
107450937
107444174
107446902
122268288
107457559
107456942
107437226
107445286
107447474
107436165
107448182
107448385
107454818
107447748
107456716
107449804
139426003
107450050
107449129
107447010
107439444
107448889
107457416
107455595
107443011
107436379
107441095
107445985
107443295
107440278
107436792
107443034
107455347
107445410
107452696
122271093
107445131
107446919
107447248
107457090
139424775
107437685
107455049
107442127
107444228
107452580
107440502
122270490
107444676
107452558
107439162
107442272
107450579
107456633
107455600
107440329
107443158
107457067
107455074
107455744
107452195
107446946
107450344
107448440
107445816
107452899
110282055
107442145
107437353
107455282
107457517
107453624
107440064
107440401
107442024
107437245
107457477
107457119
107454700
122269110
122270129
107451335
107439378
107450167
107438321
107440557
107449230
107451757
107454101
139427021
107456098
107453971
107457287
107441361
107443504
107448921
107455829
107452186
107457233
107446025
107445231
139425625
107444628
107451419
107454805
107438878
107443911
107436259
107456068
107443975
107442278
107452014
107449971
107453212
107452905
107448709
107450637
107445236
107457360
107452394
122272401
107445780
107452120
107441231
107440967
107455550
107449363
107451608
139427122
107441333
107443124
107439236
107457145
107445148
107454463
107439902
107446427
107445613
107449540
107437991
107444586
107437725
107452448
107445908
107455089
107447723
107438730
107445216
107456555
107438720
107452542
107457488
107446167
107438598
107443332
107439729
107451638
107439805
107449123
107445763
107442106
107447128
107450360
107447528
107455486
107441640
107455002
107442862
107440544
107445976
107451578
107441900
107445511
107439903
122271196
107448683
107457131
107439747
107456622
107446015
107438939
107444127
107457313
107440480
107438124
107442118
107445061
107439673
107451809
107445428
107450187
107451754
107455070
107444568
122268202
107446407
122268305
107437428
107449821
107444485
107442562
107453863
107456768
107437592
107450760
107449724
107444467
107446262
107452144
107438984
107445019
107453482
107442102
107439083
107457132
139426766
107451128
107441664
107442386
107449631
107441280
107454962
107437474
107453322
107449005
107456488
107443002
107444929
122271814
107437736
107445181
107451955
107442038
107439667
107439290
107449997
107452935
107442167
107457362
107442821
107441703
107441346
107440929
107438167
107438943
107441162
122270512
107454631
107450897
107437621
107454243
107450476
107441371
107456888
107439695
107442214
107447986
107446878
107436422
107455431
107449850
107450288
107453766
107438212
107439822
107437590
107442796
107444312
107446209
107444141
107445225
107438610
107454149
107440706
107451131
107445791
107443595
107441006
107440914
107446915
107437928
107447882
107438663
107449657
107449957
107454866
107446347
107456498
107452597
107450405
107448019
107454251
107447331
107438410
107451659
107455205
107439756
107457248
107452185
107441367
107448516
122272846
122271310
107442058
107453245
107448899
107444555
107449295
107439606
122269211
107457122
107437735
107457243
107441686
107455367
107448310
107445836
107453159
107455912
107441023
107439615
107439932
107456052
107448056
107439091
107437223
107448268
107436893
107449188
107438982
107450905
107455982
107445441
107453635
107443343
107444953
107441774
107453275
107453577
107456834
107451427
107437086
107456900
107441179
107441351
107442849
107446670
107456893
107436385
107446439
107452471
107438153
107452533
122270221
107453820
107440747
122270652
107439561
107442621
107450306
107454563
107447114
107447404
107455967
107455012
107454439
107448446
107445188
107447737
107449961
107440803
107445520
107448859
107449360
107451071
107437895
107452353
107453574
107441339
107444258
107448157
107449829
107451230
107448570
107436563
107446248
107442884
107454510
107440418
107451019
107445730
107438409
107449790
107452201
107446160
107457035
107442404
107449204
122268369
107438484
107454008
122268601
107444770
107440088
107450693
107453701
107447667
107452421
107444534
107441537
107448099
107453643
107436490
107436787
107447068
107438835
107443889
107449523
107451568
107455897
107450647
107447116
107436476
107439766
107436228
107455312
107437600
107450544
107440478
107451015
107443023
107436834
122270377
107456798
107446668
107439024
107441706
122270757
107448739
107436122
107449384
107440856
107440124
107456635
107447833
107455677
107440577
107454159
107444339
107453177
107448823
107441207
107448524
107452323
107450893
107454202
107454425
107451801
107451815
107447690
107453795
107439264
107454928
122268416
107455377
107449106
107444609
107439644
107436644
107452153
107443692
107455922
107440345
107445723
107441673
107446387
107448397
107455422
107455298
107445649
107444468
107440460
107455741
107443694
107437625
107456457
107450226
107446430
107445923
107450889
107457459
107447776
107439164
107445150
107441073
107451307
107453668
107448699
107454721
107445487
107443373
107448515
107451106
107443234
107440903
107437665
107446491
107454642
107445063
122269282
122268403
107457331
107439589
107456593
107448634
107438141
107449709
107447967
107437738
107443738
122271367
107454230
107455246
107440349
107449002
107455642
107451504
107452852
107448975
107444065
107441055
107440638
107441724
107441458
107439360
107456603
107448454
107443349
107444861
107449882
139425704
107452097
107438435
107450280
107453979
107440314
107440979
107448610
107446433
107438117
107450593
107444132
107457366
107452326
107440595
107454064
107445537
107452217
107451804
107448284
107444582
107442065
107448972
107451483
107455446
107449226
107454645
107455085
107451496
107450274
107440822
107450632
107444376
107451538
107454181
107456063
107443870
107448216
107449255
107440678
107455650
107441589
107438930
107438015
107452499
107444843
107453264
107454981
107441087
107438454
107441980
107446547
107455404
107436952
107436981
107438309
107441154
107440434
107438352
107440482
107443623
107452080
107456074
107438197
107454055
107452561
107438163
107447259
107440439
107438525
107454108
107440994
107447455
107453669
107443890
110282427
107444550
107454293
107441853
107454652
107437871
107452908
107443843
107446276
107451274
107441475
107436578
107438350
107450564
107442897
107455266
107436982
107446553
139424892
107436620
107450300
107450625
122269714
107437935
107437914
107437806
107448065
107453483
122270177
107443351
107445827
107452042
107443479
107447750
107449500
107446644
107446740
107455820
107445191
107445045
107439216
107446239
107455736
107443091
107455035
107438135
107439650
107443778
107439252
107446705
107456286
107452844
107449463
107436558
107451736
107449619
107454256
107447525
107451227
107443352
107439101
107446656
107441411
107454259
107448109
107438445
107446424
107453466
107439092
107439543
107451735
107437319
107437203
107450319
107454132
107442153
107451878
107443266
107457526
107437856
107440832
107443272
122273073
107445145
107439300
107436833
107442440
107445927
110283034
107442795
107445338
107457305
107446463
107447406
107438094
107443650
107438763
107455010
107453666
107453137
139425646
107452086
107456585
107453155
107443952
107439637
107453706
107454932
107454438
139426037
107442286
139426177
107438417
107436283
107451805
107443613
107436785
107441038
107449060
107445961
107454157
107448189
139425200
107442131
107445919
107445036
107456477
107446858
107449783
107455284
107450830
107440964
107447917
107441755
107441979
107436966
107438014
107448976
107457247
107437959
107436706
122271046
107438488
107455222
107444203
107456463
107450556
107454329
107436795
107453718
107438892
107446168
107446908
107438068
107441434
107443783
107448359
107456137
107456215
107437770
107454745
107438847
107456777
107450096
107441541
107457102
107455940
107438966
107440819
107447356
107446997
107442190
107438973
107439105
107450883
107455471
107450583
107451499
122269452
107446665
107457444
107439442
107446481
107441872
107454583
107437329
107448613
107440837
107456903
122272351
107456533
107436857
107443073
107443784
107450385
107439778
139425362
107436586
107443854
107451520
107454083
107457270
107443251
107448110
107449276
107437838
107452782
107441904
107455159
122270387
107456923
107451628
107436382
107451141
107446911
107443534
107449843
107451054
107450141
107444050
107455339
107443347
107455113
107439181
107437035
107452056
107445377
107445807
107439515
107450237
107455314
107442630
107445123
107443346
107436550
107452516
107439014
107447952
107453502
107440473
107456526
107452193
107447672
107436092
107447860
107439147
107453458
107447007
