129224049
129224240
129219975
129219977
129229577
129230105
129228189
129227485
129227763
129220392
129224276
129222444
129222872
129225913
129217241
129224459
129216442
129229857
129222130
129222717
129229332
129233056
129227764
129222097
129224446
129224445
129216891
129228557
129217629
129230714
129225566
129234162
129235293
129219679
129227423
129222003
129227980
129225763
129225153
129234106
129221901
129227472
129216969
129233168
129216990
129230010
129229298
129222820
129234183
129224684
129225259
129216165
129225960
129218394
129229462
129228346
129233568
129220033
129220189
129229469
129222013
129216153
129221868
129222148
129217038
129219659
129220337
129234301
129221583
129217180
129222116
129233935
129216138
129223368
129225280
129217719
129225577
129226594
129227466
129221951
129233266
129230619
129225934
129231362
129226374
129219650
129223810
129221501
129226645
129220334
129216340
129233167
129219891
129234606
129224054
129225169
129229415
129225082
129228264
129226434
129222113
129219762
129226454
129225712
129228500
129233173
129234006
129226967
129234604
129224569
129219842
129220523
129217043
129220967
129229667
129221864
129223987
129224072
129217092
129222186
129222214
129221858
129229777
129232963
129227745
129225295
129231471
129225656
129228728
129225746
129218840
129225077
129222745
129222744
129225777
129233683
129217217
129228396
129231440
129219115
129218572
129229367
129228569
129235172
129230486
129224512
129229217
129224958
129217664
129227379
129215997
129221489
129218649
129230648
129216946
129219716
129219717
129227284
129217244
129225910
129221441
129221282
129227836
129230393
129216462
129227766
129219856
129232345
129235227
129221755
129225769
129217230
129222845
129225594
129233023
129234541
129228213
129226838
129226839
129233936
129227425
129230076
129224201
129222096
129227985
129228172
129217350
129217293
129217129
129218468
129226190
129221640
129226587
129227436
129219000
129230032
129223787
129234154
129217766
129229568
129217435
129231145
129228006
129218507
129227805
129219194
129217534
129229279
129229280
129216943
129233024
129230660
129220231
129227596
129231268
129223233
129216105
129230752
129229735
129220582
129223815
129223814
129229306
129231758
129217254
129216493
129217466
129225736
129219736
129223436
129230337
129217531
129225883
129225033
129226784
129216910
129218932
129216966
129230509
129217274
129216049
129225035
129227811
129231790
129229218
129222462
129224597
129224914
129220233
129231652
129216582
129222140
129225055
129225693
129219990
129219103
129229729
129225210
129228194
129227834
129227546
129227445
129227279
129216733
129222640
129232435
129230556
129227688
129222784
129219900
129218111
129218314
129219972
129227819
129222986
129234649
129216998
129216649
129225885
129228679
129220547
129228464
129218406
129234635
129220436
129225806
129230064
129225700
129219299
129220217
129225911
129222069
129230150
129227742
129217300
129228091
129228063
129232144
129235195
129227843
129223963
129230395
129230397
129221927
129234274
129221592
129223171
129217246
129218006
129229624
129232480
129225104
129218455
129231860
129231464
129222940
129228038
129231419
129231241
129223891
129216933
129227298
129227244
129228628
129222294
129234033
129220858
129217541
129226051
129222813
129220246
129228661
129228659
129234473
129229818
129225893
129230392
129226983
129233422
129217312
129233104
129232160
129232169
129218945
129216965
129223086
129216240
129229260
129230983
129230984
129222860
129229678
129219700
129226413
129228195
129228552
129232798
129216047
129229572
129225198
129224378
129231445
129219962
129218040
129216050
129220073
129232599
129233247
129225955
129226239
129227624
129217262
129218445
129224080
129224108
129217827
129231693
129222842
129218273
129231757
129230999
129231373
129225729
129216412
129224424
129230577
129220293
129231706
129234212
129225751
129224850
129216762
129221937
129227793
129222112
129216992
129235156
129229248
129231302
129220396
129221270
129229839
129227784
129224281
129231089
129227326
129219047
129227786
129227351
129225505
129216004
129227838
129222375
129222748
129228445
129234481
129222847
129218043
129225101
129231117
129229696
129222068
129233858
129234136
129217115
129229720
129229709
129224552
129229328
129226886
129228641
129228391
129228642
129224930
129230979
129217705
129225151
129216117
129224196
129221419
129218598
129216293
129235109
129235108
129231593
129218504
129217242
129221999
129220532
129234448
129227435
129231515
129229770
129222778
129217756
129228640
129228086
129219201
129223033
129220621
129231624
129233132
129226853
129231754
129222099
129222535
129221408
129217602
129225931
129219298
129229664
129223761
129230604
129232621
129232171
129230985
129231218
129225273
129222649
129220208
129216451
129229489
129226491
129223770
129231501
129225051
129223095
129222631
129232769
129223096
129221006
129229234
129227591
129226096
129221655
129226559
129226969
129227657
129225522
129226290
129226375
129224851
129218915
129222091
129225831
129221146
129226575
129224128
129225839
129224984
129225677
129225620
129226128
129230176
129224353
129229463
129225733
129228385
129230566
129226919
129226168
129230343
129225569
129221904
129230753
129220369
129216779
129233322
129216850
129217729
129225156
129218435
129224153
129224208
129220181
129225721
129231525
129227733
129229292
129228404
129221629
129220383
129230665
129218159
129223852
129229232
129226729
129225705
129234278
129217265
129229982
129227045
129217251
129221500
129234634
129225937
129225958
129232744
129220148
129216853
129231944
129225420
129231753
129226514
129229448
129230491
129217653
129234410
129218260
129226340
129219263
129229550
129218555
129233956
129223762
129226734
129229428
129225221
129224642
129219989
129220152
129220142
129221820
129218973
129218422
129232476
129221165
129220822
129220126
129225122
129217232
129223825
129230432
129221213
129228329
129219335
129220020
129223012
129233239
129231156
129234336
129223091
129231681
129224399
129218680
129221011
129231640
129218016
129218692
129229644
129220903
129221043
129221379
129225510
129224657
129230629
129221273
129228397
129224191
129221984
129222101
129217066
129222841
129222898
129219875
129229466
129225909
129217646
129228013
129220121
129231642
129221995
129219984
129219986
129234128
129217786
129235308
129219278
129226381
129221623
129218261
129224116
129233035
129217754
129219721
129224520
129222007
129231279
129222035
129228369
129234355
129226560
129216791
129222524
129218929
129221926
129234652
129225782
129230231
129231127
129219240
129219196
129229602
129229521
129229283
129234185
129216234
129217017
129229705
129224114
129227726
129216380
129216908
129228083
129219183
129224582
129226844
129223828
129228263
129229398
129221384
129233511
129223964
129221354
129220952
129222990
129217113
129228581
129227969
129229450
129220856
129229523
129224100
129227725
129223424
129231225
129217513
129234098
129218856
129228727
129228246
129234671
129219290
129234385
129226732
129226412
129228164
129228274
129228233
129218474
129222266
129217520
129227254
129228668
129225068
129219841
129226858
129227557
129220007
129230774
129216354
129220302
129226302
129229410
129220000
129218335
129220174
129223331
129221934
129231219
129224836
129225744
129218355
129216593
129219454
129217355
129222291
129235124
129216834
129220955
129217186
129219455
129233656
129228025
129219137
129229952
129222325
129232163
129223321
129220404
129229884
129226771
129218283
129225649
129225270
129231078
129221413
129221058
129228119
129231291
129234118
129224898
129222735
129225079
129224991
129230484
129223253
129233170
129226965
129216466
129225614
129221527
129225062
129219304
129218224
129231217
129222125
129216063
129231375
129226678
129223215
129219878
129225702
129227315
129231126
129235329
129227267
129218407
129233582
129226634
129234828
129227716
129233931
129221967
129220312
129224558
129222868
129234177
129227275
129222300
129231713
129219048
129234663
129226177
129216955
129230260
129224938
129216448
129218361
129226398
129224330
129232653
129223965
129235298
129218928
129228098
129226571
129229953
129221537
129231520
129227450
129224974
129220490
129216155
129234414
129228267
129231152
129225945
129220002
129221025
129228480
129221196
129217297
129229358
129229826
129219238
129221609
129221608
129231357
129233684
129226769
129226760
129224532
129224140
129227474
129225811
129223093
129220331
129220387
129217817
129235105
129227054
129230133
129226786
129234563
129234515
129224400
129224401
129225201
129235311
129229608
129226612
129228306
129228282
129232820
129233915
129219053
129228018
129217087
129224499
129217550
129233390
129231129
129229640
129217554
129231430
129235168
129227776
129224307
129232624
129227106
129216568
129222455
129232796
129220458
129235162
129220539
129224886
129216806
129218560
129224586
129226864
129216570
129215988
129231666
129222554
129219344
129221929
129224255
129221249
129221504
129221485
129223397
129223186
129228562
129228555
129217166
129234233
129230731
129226931
129219939
129222195
129226904
129229912
129221015
129222296
129216706
129222954
129216534
129224556
129230610
129220500
129224667
129224670
129231582
129227391
129234488
129224465
129223851
129225897
129231739
129227396
129221574
129221425
129234491
129229603
129217337
129224819
129230074
129216980
129220783
129221388
129228512
129225794
129228110
129221558
129218196
129223892
129228593
129220630
129231272
129224117
129223247
129221135
129220735
129216610
129216900
129232651
129223014
129217349
129230698
129230699
129230695
129225013
129221964
129234680
129228508
129230344
129220860
129216904
129232788
129218312
129220053
129218097
129224221
129219440
129225237
129220178
129223907
129227945
129226085
129234876
129222157
129216952
129217742
129220535
129219848
129227338
129227348
129217363
129222641
129217769
129230464
129227696
129228461
129228551
129218373
129234434
129218848
129220085
129234246
129226221
129226243
129226516
129225565
129225788
129227849
129216353
129216862
129234169
129227055
129220321
129234129
129216143
129217789
129216895
129231212
129234149
129220299
129220298
129227471
129227607
129224380
129216580
129220051
129233469
129221203
129221241
129216776
129223311
129222061
129229377
129220123
129220187
129220188
