107436150
107436166
107436177
107436461
107436492
107436501
107436644
107436961
107437050
107437365
107437367
107437510
107437535
107437713
107437735
107437738
107437881
107437914
107438072
107438122
107438324
107438659
107438679
107438703
107438837
107438883
107438959
107438994
107439018
107439124
107439161
107439235
107439313
107439320
107439486
107439593
107439656
107439667
107439679
107439727
107439945
107440016
107440020
107440072
107440110
107440149
107440287
107440429
107440477
107440556
107440602
107440672
107440714
107440727
107440728
107441250
107441432
107441433
107441634
107441665
107441727
107441834
107441855
107441880
107441970
107441986
107441997
107442095
107442231
107442310
107442447
107442449
107442476
107442498
107442563
107442615
107442769
107442821
107443085
107443336
107443687
107443709
107443778
107444131
107444168
107444258
107444363
107444531
107444589
107444687
107444806
107444864
107444895
107445148
107445327
107445402
107445484
107445498
107445540
107445635
107445755
107445793
107445852
107446160
107446188
107446258
107446265
107446577
107446668
107446670
107446730
107446755
107446926
107447017
107447141
107447328
107447340
107447379
107447456
107447594
107447631
107447757
107447905
107447906
107447925
107447937
107447956
107447993
107448044
107448055
107448189
107448222
107448327
107448398
107448419
107448625
107448683
107448738
107448766
107448794
107448802
107448911
107449168
107449400
107449499
107449594
107449618
107449658
107449698
107449725
107449789
107450037
107450237
107450399
107450413
107450425
107450521
107450738
107450892
107450901
107450948
107451043
107451113
107451209
107451299
107451336
107451428
107451475
107451548
107451674
107451718
107451793
107451807
107452251
107452399
107452450
107452585
107452621
107452651
107452716
107452917
107453149
107453302
107453350
107453373
107453600
107453608
107453633
107453669
107453751
107453844
107453875
107453886
107453993
107454037
107454099
107454132
107454166
107454181
107454313
107454469
107454760
107454933
107455017
107455038
107455477
107455480
107455549
107455707
107455743
107455881
107455995
107456068
107456215
107456224
107456351
107456506
107456517
107456668
107456709
107456859
107457063
107457098
107457105
107457255
107457467
110283002
122268310
122269110
139425699
