129224947
129225235
129217593
129225139
129230660
129232688
129227551
129220893
129230233
129222444
129216600
129228100
129224796
129229873
129230008
129232139
129221396
129217614
129234246
129226612
129234021
129230729
129224848
129229405
129224139
129223770
129220233
129221583
129230356
129224610
129227935
129228647
129224667
129224670
129218653
129221300
129218644
129234396
129231803
129229399
129233970
129224841
129227400
129229950
129231872
129224371
129227934
129225970
129225324
129224103
129221428
129220417
129220954
129231279
129217281
129223125
129222209
129226603
129226827
129221182
129229163
129228729
129221420
129223408
129218059
129219691
129224125
129217543
129217220
129234541
129220238
129234437
129227642
129232798
129225616
129217468
129233007
129229619
129220967
129225843
129228306
129230023
129228696
129219841
129234306
129217335
129230419
129223033
129218986
129220497
129227274
129226069
129225994
129216193
129216195
129231063
