107437076
122268389
107447083
107455019
107438323
107441538
107456293
107448615
107457460
107448479
107445190
107452659
107436901
107446798
107455529
107436587
107445052
107456491
107436318
107441460
107452133
107451105
107456020
107436678
107439464
107449810
107436514
107443627
107451466
107450060
107438640
107439418
107448937
107448264
107449107
107452137
107450550
107456139
107452314
107457202
107456619
107447242
107437044
122268887
107450832
107447217
107439260
107441739
107438785
122272154
107450007
107452995
107442957
107442132
107444205
107445363
107455562
107438994
107441030
107454111
107441438
122268998
107456583
107454837
107455010
107439479
107439443
107449257
107442390
107450907
107442400
122272156
107450644
107445525
107442017
122271367
107446755
107455418
107451213
107439875
107438929
107437788
107454988
107441996
107455106
107441834
110283246
107445466
107444488
107438639
107437963
107457165
107441975
107452913
107453415
107438009
107442147
107443016
107448792
107452708
107455120
107442565
107443881
107456843
107455134
110282956
107442742
107451986
107448791
107451989
107438723
107450633
107454498
107436494
107443363
107456926
107452457
107446319
107444720
107447456
107444053
107446087
107456517
107452529
107454054
107453900
107444888
122270279
107456557
107443620
107439011
107437778
107443583
107457027
107442282
107436786
107446292
107440833
107449952
107447618
107442673
107457448
107442359
107444215
107452555
107438959
107448329
107436710
107438565
107440473
107442424
107447013
107443071
107453812
107456927
107441618
107456148
107451897
107442523
107452251
107455792
107438935
107443731
107448319
122271094
107452212
122268219
107456267
107455745
107450230
107449708
107448447
107455920
